tableId,rowsToAnalyze,tableSize,subjectColumnIdx,identifiedCorrectly,executionTimeFull,executionTimePure,queryTime,disambiguationTime
84298322_1_8543362646571974060.csv,20,7,0,True,0.00022792816162109375,0.00015783309936523438,0,7.009506225585938e-05
34117882_0_3714273916884462264.csv,20,2,0,True,0.00015878677368164062,0.00011491775512695312,0,4.38690185546875e-05
12271141_0_213693783755148562.csv,20,29,0,True,0.0016598701477050781,0.00138092041015625,0,0.0002789497375488281
99687188_0_1844204354931842929.csv,20,38,0,True,0.002290964126586914,0.0020589828491210938,0,0.0002319812774658203
70565309_0_34520180832378985.csv,20,4,0,True,0.0002658367156982422,0.00018596649169921875,0,7.987022399902344e-05
28079336_2_2139598421036200532.csv,20,121,,False,0.0008521080017089844,0.000698089599609375,0,0.00015401840209960938
77526612_0_8961590724422161134.csv,20,5,0,True,0.0003509521484375,0.00026297569274902344,0,8.797645568847656e-05
32286995_0_428076949991393276.csv,20,5,0,True,0.00030112266540527344,0.00024819374084472656,0,5.2928924560546875e-05
55961337_0_6548713781034932742.csv,20,44,0,True,0.001672983169555664,0.0014908313751220703,0,0.00018215179443359375
85627640_0_8469871215145474481.csv,20,7,0,True,0.0004978179931640625,0.0004298686981201172,0,6.794929504394531e-05
12187596_5_2670947630490462207.csv,20,15,0,True,0.0009739398956298828,0.0008509159088134766,0,0.00012302398681640625
27115185_25_6617652978902760028.csv,20,5,0,True,0.0003859996795654297,0.0002589225769042969,0,0.0001270771026611328
73128332_0_3363347224179898954.csv,20,8,0,True,0.0002532005310058594,0.0001800060272216797,0,7.319450378417969e-05
74207889_193_42088949085190649.csv,20,5,0,True,0.00029397010803222656,0.0002288818359375,0,6.508827209472656e-05
82806029_2_7792188988245343457.csv,20,5,0,True,0.0003018379211425781,0.0002238750457763672,0,7.796287536621094e-05
17627487_0_7482364338839093515.csv,20,3,0,True,0.0002541542053222656,0.00019812583923339844,0,5.602836608886719e-05
63450419_0_8012592961815711786.csv,20,197,,False,0.0006339550018310547,0.0005259513854980469,0,0.00010800361633300781
14007582_0_4628453535445348621.csv,20,4,0,True,0.0002930164337158203,0.00023293495178222656,0,6.008148193359375e-05
23362259_0_6423595299295342642.csv,20,4,0,True,0.0001628398895263672,0.00011086463928222656,0,5.1975250244140625e-05
85266574_1_5749019246018311248.csv,20,10,0,True,0.0007488727569580078,0.0006518363952636719,0,9.703636169433594e-05
59179576_0_7816560732040832274.csv,20,83,,False,0.002460956573486328,0.002240896224975586,0,0.0002200603485107422
80255499_92_8843377411837968002.csv,20,2,0,True,0.000125885009765625,8.20159912109375e-05,0,4.38690185546875e-05
