tableId,rowsToAnalyze,tableSize,subjectColumnIdx,identifiedCorrectly,executionTimeFull,executionTimePure,queryTime,disambiguationTime
84298322_1_8543362646571974060.csv,20,7,,False,0.00012993812561035156,8.296966552734375e-05,0,4.696846008300781e-05
34117882_0_3714273916884462264.csv,20,2,,False,9.679794311523438e-05,6.699562072753906e-05,0,2.9802322387695312e-05
12271141_0_213693783755148562.csv,20,29,,False,0.0012640953063964844,0.0010509490966796875,0,0.00021314620971679688
99687188_0_1844204354931842929.csv,20,38,,False,0.0015358924865722656,0.0013599395751953125,0,0.00017595291137695312
70565309_0_34520180832378985.csv,20,4,0,True,0.00020694732666015625,0.00014591217041015625,0,6.103515625e-05
28079336_2_2139598421036200532.csv,20,121,,False,0.0005300045013427734,0.0004150867462158203,0,0.00011491775512695312
77526612_0_8961590724422161134.csv,20,5,1,False,0.0002300739288330078,0.00017023086547851562,0,5.984306335449219e-05
32286995_0_428076949991393276.csv,20,5,,False,0.0001850128173828125,0.00014710426330566406,0,3.790855407714844e-05
55961337_0_6548713781034932742.csv,20,44,,False,0.001049041748046875,0.00092315673828125,0,0.000125885009765625
85627640_0_8469871215145474481.csv,20,7,,False,0.00035500526428222656,0.0002911090850830078,0,6.389617919921875e-05
12187596_5_2670947630490462207.csv,20,15,,False,0.0005021095275878906,0.0004279613494873047,0,7.414817810058594e-05
27115185_25_6617652978902760028.csv,20,5,,False,0.00015687942504882812,0.00011897087097167969,0,3.790855407714844e-05
73128332_0_3363347224179898954.csv,20,8,,False,0.0001201629638671875,8.296966552734375e-05,0,3.719329833984375e-05
74207889_193_42088949085190649.csv,20,5,,False,0.0001552104949951172,0.00011920928955078125,0,3.600120544433594e-05
82806029_2_7792188988245343457.csv,20,5,,False,0.0001819133758544922,0.00013184547424316406,0,5.0067901611328125e-05
17627487_0_7482364338839093515.csv,20,3,,False,0.000141143798828125,0.00010704994201660156,0,3.409385681152344e-05
63450419_0_8012592961815711786.csv,20,197,,False,0.00034499168395996094,0.0002758502960205078,0,6.914138793945312e-05
14007582_0_4628453535445348621.csv,20,4,,False,0.0001728534698486328,0.00013303756713867188,0,3.981590270996094e-05
23362259_0_6423595299295342642.csv,20,4,,False,9.107589721679688e-05,5.793571472167969e-05,0,3.314018249511719e-05
85266574_1_5749019246018311248.csv,20,10,,False,0.00045990943908691406,0.0003991127014160156,0,6.079673767089844e-05
59179576_0_7816560732040832274.csv,20,83,,False,0.0014629364013671875,0.0013179779052734375,0,0.00014495849609375
80255499_92_8843377411837968002.csv,20,2,,False,7.104873657226562e-05,4.315376281738281e-05,0,2.7894973754882812e-05
