tableId,rowsToAnalyze,tableSize,subjectColumnIdx,identifiedCorrectly,executionTimeFull,executionTimePure,queryTime,disambiguationTime
84298322_1_8543362646571974060.csv,20,7,,False,0.00011205673217773438,7.414817810058594e-05,0,3.790855407714844e-05
34117882_0_3714273916884462264.csv,20,2,,False,8.702278137207031e-05,6.103515625e-05,0,2.5987625122070312e-05
12271141_0_213693783755148562.csv,20,29,0,True,0.0011248588562011719,0.0009319782257080078,0,0.00019288063049316406
99687188_0_1844204354931842929.csv,20,38,,False,0.0014290809631347656,0.0012710094451904297,0,0.00015807151794433594
70565309_0_34520180832378985.csv,20,4,0,True,0.000225067138671875,0.00016999244689941406,0,5.507469177246094e-05
28079336_2_2139598421036200532.csv,20,121,,False,0.0005218982696533203,0.000415802001953125,0,0.00010609626770019531
77526612_0_8961590724422161134.csv,20,5,1,False,0.00022101402282714844,0.0001609325408935547,0,6.008148193359375e-05
32286995_0_428076949991393276.csv,20,5,,False,0.00018596649169921875,0.00014901161193847656,0,3.695487976074219e-05
55961337_0_6548713781034932742.csv,20,44,,False,0.0012829303741455078,0.0011577606201171875,0,0.0001251697540283203
85627640_0_8469871215145474481.csv,20,7,5,False,0.0005621910095214844,0.0004742145538330078,0,8.797645568847656e-05
12187596_5_2670947630490462207.csv,20,15,,False,0.0008149147033691406,0.0006859302520751953,0,0.0001289844512939453
27115185_25_6617652978902760028.csv,20,5,,False,0.00023698806762695312,0.00018310546875,0,5.3882598876953125e-05
73128332_0_3363347224179898954.csv,20,8,,False,0.00021314620971679688,0.00015306472778320312,0,6.008148193359375e-05
74207889_193_42088949085190649.csv,20,5,,False,0.0002598762512207031,0.0001990795135498047,0,6.079673767089844e-05
82806029_2_7792188988245343457.csv,20,5,2,False,0.0002899169921875,0.0002129077911376953,0,7.700920104980469e-05
17627487_0_7482364338839093515.csv,20,3,,False,0.0002219676971435547,0.00017499923706054688,0,4.696846008300781e-05
63450419_0_8012592961815711786.csv,20,197,,False,0.0004489421844482422,0.00034499168395996094,0,0.00010395050048828125
14007582_0_4628453535445348621.csv,20,4,,False,0.00018095970153808594,0.00013780593872070312,0,4.315376281738281e-05
23362259_0_6423595299295342642.csv,20,4,,False,0.00013399124145507812,8.58306884765625e-05,0,4.8160552978515625e-05
85266574_1_5749019246018311248.csv,20,10,,False,0.0004951953887939453,0.00042819976806640625,0,6.699562072753906e-05
59179576_0_7816560732040832274.csv,20,83,,False,0.0016169548034667969,0.0014600753784179688,0,0.00015687942504882812
80255499_92_8843377411837968002.csv,20,2,,False,7.700920104980469e-05,4.482269287109375e-05,0,3.218650817871094e-05
