tableId,rowsToAnalyze,tableSize,subjectColumnIdx,identifiedCorrectly,executionTimeFull,executionTimePure,queryTime,disambiguationTime
84298322_1_8543362646571974060.csv,20,7,,False,0.0001239776611328125,8.106231689453125e-05,0,4.291534423828125e-05
34117882_0_3714273916884462264.csv,20,2,,False,9.393692016601562e-05,6.580352783203125e-05,0,2.8133392333984375e-05
12271141_0_213693783755148562.csv,20,29,0,True,0.0012269020080566406,0.0010159015655517578,0,0.0002110004425048828
99687188_0_1844204354931842929.csv,20,38,4,False,0.0015330314636230469,0.001363992691040039,0,0.0001690387725830078
70565309_0_34520180832378985.csv,20,4,0,True,0.0002110004425048828,0.0001499652862548828,0,6.103515625e-05
28079336_2_2139598421036200532.csv,20,121,,False,0.0004949569702148438,0.0003879070281982422,0,0.00010704994201660156
77526612_0_8961590724422161134.csv,20,5,1,False,0.00022101402282714844,0.0001609325408935547,0,6.008148193359375e-05
32286995_0_428076949991393276.csv,20,5,,False,0.00018596649169921875,0.00014901161193847656,0,3.695487976074219e-05
55961337_0_6548713781034932742.csv,20,44,,False,0.0011038780212402344,0.0009779930114746094,0,0.000125885009765625
85627640_0_8469871215145474481.csv,20,7,5,False,0.0003600120544433594,0.0002951622009277344,0,6.4849853515625e-05
12187596_5_2670947630490462207.csv,20,15,,False,0.0005309581756591797,0.0004458427429199219,0,8.511543273925781e-05
27115185_25_6617652978902760028.csv,20,5,,False,0.0001971721649169922,0.00013399124145507812,0,6.318092346191406e-05
73128332_0_3363347224179898954.csv,20,8,,False,0.00012302398681640625,8.20159912109375e-05,0,4.100799560546875e-05
74207889_193_42088949085190649.csv,20,5,,False,0.00015091896057128906,0.00011491775512695312,0,3.600120544433594e-05
82806029_2_7792188988245343457.csv,20,5,2,False,0.00021600723266601562,0.00016808509826660156,0,4.792213439941406e-05
17627487_0_7482364338839093515.csv,20,3,,False,0.0001327991485595703,0.00010085105895996094,0,3.1948089599609375e-05
63450419_0_8012592961815711786.csv,20,197,,False,0.0003409385681152344,0.0002760887145996094,0,6.4849853515625e-05
14007582_0_4628453535445348621.csv,20,4,,False,0.00016188621520996094,0.00012493133544921875,0,3.695487976074219e-05
23362259_0_6423595299295342642.csv,20,4,,False,8.678436279296875e-05,5.4836273193359375e-05,0,3.1948089599609375e-05
85266574_1_5749019246018311248.csv,20,10,,False,0.00044798851013183594,0.00039005279541015625,0,5.793571472167969e-05
59179576_0_7816560732040832274.csv,20,83,,False,0.0015211105346679688,0.0013470649719238281,0,0.00017404556274414062
80255499_92_8843377411837968002.csv,20,2,,False,7.200241088867188e-05,4.315376281738281e-05,0,2.8848648071289062e-05
