tableId,rowsToAnalyze,tableSize,subjectColumnIdx,identifiedCorrectly,executionTimeFull,executionTimePure,queryTime,disambiguationTime
84298322_1_8543362646571974060.csv,20,7,,False,0.0001220703125,8.296966552734375e-05,0,3.910064697265625e-05
34117882_0_3714273916884462264.csv,20,2,,False,8.702278137207031e-05,6.103515625e-05,0,2.5987625122070312e-05
12271141_0_213693783755148562.csv,20,29,0,True,0.0011730194091796875,0.0009791851043701172,0,0.0001938343048095703
99687188_0_1844204354931842929.csv,20,38,4,False,0.001558065414428711,0.0013890266418457031,0,0.0001690387725830078
70565309_0_34520180832378985.csv,20,4,0,True,0.00020503997802734375,0.00014495849609375,0,6.008148193359375e-05
28079336_2_2139598421036200532.csv,20,121,,False,0.0005412101745605469,0.00042819976806640625,0,0.00011301040649414062
77526612_0_8961590724422161134.csv,20,5,1,False,0.00023293495178222656,0.0001690387725830078,0,6.389617919921875e-05
32286995_0_428076949991393276.csv,20,5,,False,0.0002009868621826172,0.0001609325408935547,0,4.00543212890625e-05
55961337_0_6548713781034932742.csv,20,44,,False,0.0011348724365234375,0.0009779930114746094,0,0.00015687942504882812
85627640_0_8469871215145474481.csv,20,7,5,False,0.0003879070281982422,0.0003237724304199219,0,6.413459777832031e-05
12187596_5_2670947630490462207.csv,20,15,,False,0.0005030632019042969,0.0004291534423828125,0,7.390975952148438e-05
27115185_25_6617652978902760028.csv,20,5,,False,0.0001590251922607422,0.00011992454528808594,0,3.910064697265625e-05
73128332_0_3363347224179898954.csv,20,8,,False,0.00011920928955078125,8.320808410644531e-05,0,3.600120544433594e-05
74207889_193_42088949085190649.csv,20,5,,False,0.00015497207641601562,0.00011897087097167969,0,3.600120544433594e-05
82806029_2_7792188988245343457.csv,20,5,,False,0.00016689300537109375,0.00011897087097167969,0,4.792213439941406e-05
17627487_0_7482364338839093515.csv,20,3,,False,0.0001900196075439453,0.0001590251922607422,0,3.0994415283203125e-05
63450419_0_8012592961815711786.csv,20,197,,False,0.0003559589385986328,0.0002880096435546875,0,6.794929504394531e-05
14007582_0_4628453535445348621.csv,20,4,,False,0.00016689300537109375,0.0001308917999267578,0,3.600120544433594e-05
23362259_0_6423595299295342642.csv,20,4,,False,8.988380432128906e-05,5.698204040527344e-05,0,3.2901763916015625e-05
85266574_1_5749019246018311248.csv,20,10,,False,0.0004930496215820312,0.000431060791015625,0,6.198883056640625e-05
59179576_0_7816560732040832274.csv,20,83,,False,0.002424001693725586,0.00226593017578125,0,0.00015807151794433594
80255499_92_8843377411837968002.csv,20,2,,False,0.00011420249938964844,7.128715515136719e-05,0,4.291534423828125e-05
