tableId,rowsToAnalyze,tableSize,subjectColumnIdx,identifiedCorrectly,executionTimeFull,executionTimePure,queryTime,disambiguationTime
84298322_1_8543362646571974060.csv,20,7,,False,0.0001220703125,8.0108642578125e-05,0,4.1961669921875e-05
34117882_0_3714273916884462264.csv,20,2,,False,9.608268737792969e-05,6.604194641113281e-05,0,3.0040740966796875e-05
12271141_0_213693783755148562.csv,20,29,0,True,0.0012149810791015625,0.001004934310913086,0,0.00021004676818847656
99687188_0_1844204354931842929.csv,20,38,4,False,0.0016291141510009766,0.0014600753784179688,0,0.0001690387725830078
70565309_0_34520180832378985.csv,20,4,0,True,0.00021505355834960938,0.00015306472778320312,0,6.198883056640625e-05
28079336_2_2139598421036200532.csv,20,121,,False,0.0005040168762207031,0.00038695335388183594,0,0.00011706352233886719
77526612_0_8961590724422161134.csv,20,5,1,False,0.000225067138671875,0.000164031982421875,0,6.103515625e-05
32286995_0_428076949991393276.csv,20,5,,False,0.00020813941955566406,0.00015997886657714844,0,4.8160552978515625e-05
55961337_0_6548713781034932742.csv,20,44,,False,0.0010600090026855469,0.0009338855743408203,0,0.00012612342834472656
85627640_0_8469871215145474481.csv,20,7,5,False,0.0004279613494873047,0.0003268718719482422,0,0.0001010894775390625
12187596_5_2670947630490462207.csv,20,15,,False,0.0005309581756591797,0.000453948974609375,0,7.700920104980469e-05
27115185_25_6617652978902760028.csv,20,5,,False,0.00015997886657714844,0.00012183189392089844,0,3.814697265625e-05
73128332_0_3363347224179898954.csv,20,8,,False,0.00012111663818359375,8.416175842285156e-05,0,3.695487976074219e-05
74207889_193_42088949085190649.csv,20,5,,False,0.00017189979553222656,0.00013494491577148438,0,3.695487976074219e-05
82806029_2_7792188988245343457.csv,20,5,2,False,0.00022292137145996094,0.00017189979553222656,0,5.1021575927734375e-05
17627487_0_7482364338839093515.csv,20,3,,False,0.00014090538024902344,0.00010704994201660156,0,3.3855438232421875e-05
63450419_0_8012592961815711786.csv,20,197,,False,0.0003387928009033203,0.0002739429473876953,0,6.4849853515625e-05
14007582_0_4628453535445348621.csv,20,4,,False,0.0001690387725830078,0.00013303756713867188,0,3.600120544433594e-05
23362259_0_6423595299295342642.csv,20,4,,False,0.000102996826171875,6.389617919921875e-05,0,3.910064697265625e-05
85266574_1_5749019246018311248.csv,20,10,,False,0.0005381107330322266,0.00045800209045410156,0,8.0108642578125e-05
59179576_0_7816560732040832274.csv,20,83,,False,0.0016179084777832031,0.001439809799194336,0,0.0001780986785888672
80255499_92_8843377411837968002.csv,20,2,,False,7.82012939453125e-05,4.506111145019531e-05,0,3.314018249511719e-05
