tableId,rowsToAnalyze,tableSize,subjectColumnIdx,identifiedCorrectly,executionTimeFull,executionTimePure,queryTime,disambiguationTime
84298322_1_8543362646571974060.csv,20,7,,False,0.00018787384033203125,0.00012993812561035156,0,5.793571472167969e-05
34117882_0_3714273916884462264.csv,20,2,,False,0.00015020370483398438,0.00010609626770019531,0,4.410743713378906e-05
12271141_0_213693783755148562.csv,20,29,,False,0.0016498565673828125,0.0013799667358398438,0,0.00026988983154296875
99687188_0_1844204354931842929.csv,20,38,,False,0.0025260448455810547,0.0022139549255371094,0,0.0003120899200439453
70565309_0_34520180832378985.csv,20,4,0,True,0.0002989768981933594,0.000209808349609375,0,8.916854858398438e-05
28079336_2_2139598421036200532.csv,20,121,,False,0.0008389949798583984,0.0006761550903320312,0,0.0001628398895263672
77526612_0_8961590724422161134.csv,20,5,1,False,0.00039196014404296875,0.0002961158752441406,0,9.584426879882812e-05
32286995_0_428076949991393276.csv,20,5,,False,0.00032401084899902344,0.00025200843811035156,0,7.200241088867188e-05
55961337_0_6548713781034932742.csv,20,44,,False,0.0015878677368164062,0.0013709068298339844,0,0.00021696090698242188
85627640_0_8469871215145474481.csv,20,7,,False,0.0005800724029541016,0.0004839897155761719,0,9.608268737792969e-05
12187596_5_2670947630490462207.csv,20,15,,False,0.0007970333099365234,0.0006840229034423828,0,0.00011301040649414062
27115185_25_6617652978902760028.csv,20,5,,False,0.00024080276489257812,0.000186920166015625,0,5.3882598876953125e-05
73128332_0_3363347224179898954.csv,20,8,,False,0.0001811981201171875,0.0001304149627685547,0,5.078315734863281e-05
74207889_193_42088949085190649.csv,20,5,,False,0.00023698806762695312,0.00018596649169921875,0,5.1021575927734375e-05
82806029_2_7792188988245343457.csv,20,5,,False,0.00023508071899414062,0.0001728534698486328,0,6.222724914550781e-05
17627487_0_7482364338839093515.csv,20,3,,False,0.00019598007202148438,0.00015497207641601562,0,4.100799560546875e-05
63450419_0_8012592961815711786.csv,20,197,,False,0.0005030632019042969,0.00041103363037109375,0,9.202957153320312e-05
14007582_0_4628453535445348621.csv,20,4,,False,0.00024199485778808594,0.00019407272338867188,0,4.792213439941406e-05
23362259_0_6423595299295342642.csv,20,4,,False,0.00012087821960449219,7.796287536621094e-05,0,4.291534423828125e-05
85266574_1_5749019246018311248.csv,20,10,,False,0.0006968975067138672,0.0006129741668701172,0,8.392333984375e-05
59179576_0_7816560732040832274.csv,20,83,,False,0.0024161338806152344,0.002195119857788086,0,0.00022101402282714844
80255499_92_8843377411837968002.csv,20,2,,False,9.894371032714844e-05,6.175041198730469e-05,0,3.719329833984375e-05
