tableId,rowsToAnalyze,tableSize,subjectColumnIdx,identifiedCorrectly,executionTimeFull,executionTimePure,queryTime,disambiguationTime
84298322_1_8543362646571974060.csv,20,7,,False,0.00014209747314453125,0.00010204315185546875,0,4.00543212890625e-05
34117882_0_3714273916884462264.csv,20,2,,False,9.489059448242188e-05,6.4849853515625e-05,0,3.0040740966796875e-05
12271141_0_213693783755148562.csv,20,29,,False,0.0012009143829345703,0.0009927749633789062,0,0.00020813941955566406
99687188_0_1844204354931842929.csv,20,38,,False,0.0014638900756835938,0.0013048648834228516,0,0.0001590251922607422
70565309_0_34520180832378985.csv,20,4,,False,0.00018906593322753906,0.00013303756713867188,0,5.602836608886719e-05
28079336_2_2139598421036200532.csv,20,121,,False,0.0005691051483154297,0.00042700767517089844,0,0.00014209747314453125
77526612_0_8961590724422161134.csv,20,5,1,False,0.00024008750915527344,0.0001742839813232422,0,6.580352783203125e-05
32286995_0_428076949991393276.csv,20,5,,False,0.00021791458129882812,0.00017690658569335938,0,4.100799560546875e-05
55961337_0_6548713781034932742.csv,20,44,,False,0.0010600090026855469,0.0009238719940185547,0,0.0001361370086669922
85627640_0_8469871215145474481.csv,20,7,,False,0.0003578662872314453,0.0002930164337158203,0,6.4849853515625e-05
12187596_5_2670947630490462207.csv,20,15,,False,0.0005161762237548828,0.0004420280456542969,0,7.414817810058594e-05
27115185_25_6617652978902760028.csv,20,5,,False,0.00017118453979492188,0.0001251697540283203,0,4.601478576660156e-05
73128332_0_3363347224179898954.csv,20,8,,False,0.00012421607971191406,8.511543273925781e-05,0,3.910064697265625e-05
74207889_193_42088949085190649.csv,20,5,,False,0.00015997886657714844,0.00012087821960449219,0,3.910064697265625e-05
82806029_2_7792188988245343457.csv,20,5,,False,0.00016999244689941406,0.0001201629638671875,0,4.982948303222656e-05
17627487_0_7482364338839093515.csv,20,3,,False,0.000141143798828125,0.00010800361633300781,0,3.314018249511719e-05
63450419_0_8012592961815711786.csv,20,197,,False,0.00034689903259277344,0.0002799034118652344,0,6.699562072753906e-05
14007582_0_4628453535445348621.csv,20,4,,False,0.00016999244689941406,0.00013303756713867188,0,3.695487976074219e-05
23362259_0_6423595299295342642.csv,20,4,,False,8.916854858398438e-05,5.602836608886719e-05,0,3.314018249511719e-05
85266574_1_5749019246018311248.csv,20,10,,False,0.0004730224609375,0.00041103363037109375,0,6.198883056640625e-05
59179576_0_7816560732040832274.csv,20,83,,False,0.0015039443969726562,0.0013530254364013672,0,0.00015091896057128906
80255499_92_8843377411837968002.csv,20,2,,False,9.012222290039062e-05,6.103515625e-05,0,2.9087066650390625e-05
