tableId,rowsToAnalyze,tableSize,subjectColumnIdx,identifiedCorrectly,executionTimeFull,executionTimePure,queryTime,disambiguationTime
84298322_1_8543362646571974060.csv,20,7,0,True,0.0001289844512939453,8.893013000488281e-05,0,4.00543212890625e-05
34117882_0_3714273916884462264.csv,20,2,,False,9.298324584960938e-05,6.413459777832031e-05,0,2.8848648071289062e-05
12271141_0_213693783755148562.csv,20,29,0,True,0.0012040138244628906,0.0009980201721191406,0,0.00020599365234375
99687188_0_1844204354931842929.csv,20,38,4,False,0.0015048980712890625,0.0013380050659179688,0,0.00016689300537109375
70565309_0_34520180832378985.csv,20,4,0,True,0.00020194053649902344,0.00014591217041015625,0,5.602836608886719e-05
28079336_2_2139598421036200532.csv,20,121,,False,0.0004949569702148438,0.00038695335388183594,0,0.00010800361633300781
77526612_0_8961590724422161134.csv,20,5,1,False,0.0002200603485107422,0.0001609325408935547,0,5.91278076171875e-05
32286995_0_428076949991393276.csv,20,5,,False,0.0001850128173828125,0.00014901161193847656,0,3.600120544433594e-05
55961337_0_6548713781034932742.csv,20,44,0,True,0.0010149478912353516,0.000888824462890625,0,0.00012612342834472656
85627640_0_8469871215145474481.csv,20,7,5,False,0.0003669261932373047,0.00030493736267089844,0,6.198883056640625e-05
12187596_5_2670947630490462207.csv,20,15,,False,0.0005118846893310547,0.0004379749298095703,0,7.390975952148438e-05
27115185_25_6617652978902760028.csv,20,5,,False,0.00016188621520996094,0.00012087821960449219,0,4.100799560546875e-05
73128332_0_3363347224179898954.csv,20,8,,False,0.0001239776611328125,8.511543273925781e-05,0,3.886222839355469e-05
74207889_193_42088949085190649.csv,20,5,,False,0.00017404556274414062,0.00013303756713867188,0,4.100799560546875e-05
82806029_2_7792188988245343457.csv,20,5,1,False,0.00019812583923339844,0.0001430511474609375,0,5.507469177246094e-05
17627487_0_7482364338839093515.csv,20,3,,False,0.00016379356384277344,0.00012683868408203125,0,3.695487976074219e-05
63450419_0_8012592961815711786.csv,20,197,,False,0.0003490447998046875,0.0002810955047607422,0,6.794929504394531e-05
14007582_0_4628453535445348621.csv,20,4,,False,0.00017309188842773438,0.00013303756713867188,0,4.00543212890625e-05
23362259_0_6423595299295342642.csv,20,4,1,False,9.799003601074219e-05,6.508827209472656e-05,0,3.2901763916015625e-05
85266574_1_5749019246018311248.csv,20,10,,False,0.0004680156707763672,0.0004069805145263672,0,6.103515625e-05
59179576_0_7816560732040832274.csv,20,83,,False,0.0015561580657958984,0.0014040470123291016,0,0.00015211105346679688
80255499_92_8843377411837968002.csv,20,2,,False,7.700920104980469e-05,4.506111145019531e-05,0,3.1948089599609375e-05
