tableId,rowsToAnalyze,tableSize,subjectColumnIdx,identifiedCorrectly,executionTimeFull,executionTimePure,queryTime,disambiguationTime
84298322_1_8543362646571974060.csv,20,7,,False,0.00014591217041015625,9.489059448242188e-05,0,5.1021575927734375e-05
34117882_0_3714273916884462264.csv,20,2,,False,8.988380432128906e-05,6.198883056640625e-05,0,2.7894973754882812e-05
12271141_0_213693783755148562.csv,20,29,,False,0.0013430118560791016,0.0011310577392578125,0,0.00021195411682128906
99687188_0_1844204354931842929.csv,20,38,,False,0.0015349388122558594,0.001355886459350586,0,0.00017905235290527344
70565309_0_34520180832378985.csv,20,4,,False,0.0001938343048095703,0.00013589859008789062,0,5.793571472167969e-05
28079336_2_2139598421036200532.csv,20,121,,False,0.0004999637603759766,0.00039196014404296875,0,0.00010800361633300781
77526612_0_8961590724422161134.csv,20,5,1,False,0.00026702880859375,0.00019407272338867188,0,7.295608520507812e-05
32286995_0_428076949991393276.csv,20,5,,False,0.00019884109497070312,0.00015687942504882812,0,4.1961669921875e-05
55961337_0_6548713781034932742.csv,20,44,,False,0.0010311603546142578,0.0008940696716308594,0,0.00013709068298339844
85627640_0_8469871215145474481.csv,20,7,,False,0.00039196014404296875,0.00033092498779296875,0,6.103515625e-05
12187596_5_2670947630490462207.csv,20,15,,False,0.0005450248718261719,0.0004591941833496094,0,8.58306884765625e-05
27115185_25_6617652978902760028.csv,20,5,,False,0.00015091896057128906,0.00011396408081054688,0,3.695487976074219e-05
73128332_0_3363347224179898954.csv,20,8,,False,0.00011897087097167969,8.296966552734375e-05,0,3.600120544433594e-05
74207889_193_42088949085190649.csv,20,5,,False,0.00015020370483398438,0.00011515617370605469,0,3.504753112792969e-05
82806029_2_7792188988245343457.csv,20,5,,False,0.00015807151794433594,0.00011205673217773438,0,4.601478576660156e-05
17627487_0_7482364338839093515.csv,20,3,,False,0.0001308917999267578,0.00010085105895996094,0,3.0040740966796875e-05
63450419_0_8012592961815711786.csv,20,197,,False,0.00032019615173339844,0.0002570152282714844,0,6.318092346191406e-05
14007582_0_4628453535445348621.csv,20,4,,False,0.00018596649169921875,0.00015211105346679688,0,3.3855438232421875e-05
23362259_0_6423595299295342642.csv,20,4,,False,8.606910705566406e-05,5.507469177246094e-05,0,3.0994415283203125e-05
85266574_1_5749019246018311248.csv,20,10,,False,0.0004410743713378906,0.0003829002380371094,0,5.817413330078125e-05
59179576_0_7816560732040832274.csv,20,83,,False,0.001477956771850586,0.001332998275756836,0,0.00014495849609375
80255499_92_8843377411837968002.csv,20,2,,False,6.604194641113281e-05,3.886222839355469e-05,0,2.7179718017578125e-05
