tableId,rowsToAnalyze,tableSize,subjectColumnIdx,identifiedCorrectly,executionTimeFull,executionTimePure,queryTime,disambiguationTime
84298322_1_8543362646571974060.csv,20,7,,False,0.00011110305786132812,7.295608520507812e-05,0,3.814697265625e-05
34117882_0_3714273916884462264.csv,20,2,,False,8.821487426757812e-05,6.222724914550781e-05,0,2.5987625122070312e-05
12271141_0_213693783755148562.csv,20,29,,False,0.001138925552368164,0.0009450912475585938,0,0.0001938343048095703
99687188_0_1844204354931842929.csv,20,38,,False,0.0014660358428955078,0.0012969970703125,0,0.0001690387725830078
70565309_0_34520180832378985.csv,20,4,,False,0.00019097328186035156,0.00013399124145507812,0,5.698204040527344e-05
28079336_2_2139598421036200532.csv,20,121,,False,0.0004940032958984375,0.00038695335388183594,0,0.00010704994201660156
77526612_0_8961590724422161134.csv,20,5,1,False,0.0002288818359375,0.00015997886657714844,0,6.890296936035156e-05
32286995_0_428076949991393276.csv,20,5,,False,0.00018596649169921875,0.00014901161193847656,0,3.695487976074219e-05
55961337_0_6548713781034932742.csv,20,44,,False,0.0009648799896240234,0.0008399486541748047,0,0.00012493133544921875
85627640_0_8469871215145474481.csv,20,7,5,False,0.00034308433532714844,0.0002841949462890625,0,5.888938903808594e-05
12187596_5_2670947630490462207.csv,20,15,,False,0.0004699230194091797,0.0004019737243652344,0,6.794929504394531e-05
27115185_25_6617652978902760028.csv,20,5,,False,0.00016999244689941406,0.00013494491577148438,0,3.504753112792969e-05
73128332_0_3363347224179898954.csv,20,8,,False,0.00011301040649414062,7.82012939453125e-05,0,3.4809112548828125e-05
74207889_193_42088949085190649.csv,20,5,,False,0.0003299713134765625,0.00018596649169921875,0,0.00014400482177734375
82806029_2_7792188988245343457.csv,20,5,2,False,0.00022983551025390625,0.00015687942504882812,0,7.295608520507812e-05
17627487_0_7482364338839093515.csv,20,3,,False,0.00017595291137695312,0.00012493133544921875,0,5.1021575927734375e-05
63450419_0_8012592961815711786.csv,20,197,,False,0.0003750324249267578,0.0003020763397216797,0,7.295608520507812e-05
14007582_0_4628453535445348621.csv,20,4,,False,0.00017499923706054688,0.00013494491577148438,0,4.00543212890625e-05
23362259_0_6423595299295342642.csv,20,4,,False,0.0001010894775390625,6.198883056640625e-05,0,3.910064697265625e-05
85266574_1_5749019246018311248.csv,20,10,,False,0.0005857944488525391,0.0004918575286865234,0,9.393692016601562e-05
59179576_0_7816560732040832274.csv,20,83,,False,0.001683950424194336,0.00152587890625,0,0.00015807151794433594
80255499_92_8843377411837968002.csv,20,2,,False,8.0108642578125e-05,4.1961669921875e-05,0,3.814697265625e-05
