tableId,rowsToAnalyze,tableSize,subjectColumnIdx,identifiedCorrectly,executionTimeFull,executionTimePure,queryTime,disambiguationTime
84298322_1_8543362646571974060.csv,20,7,,False,0.00011110305786132812,7.414817810058594e-05,0,3.695487976074219e-05
34117882_0_3714273916884462264.csv,20,2,,False,9.322166442871094e-05,6.508827209472656e-05,0,2.8133392333984375e-05
12271141_0_213693783755148562.csv,20,29,,False,0.001157999038696289,0.0009520053863525391,0,0.00020599365234375
99687188_0_1844204354931842929.csv,20,38,,False,0.0017910003662109375,0.0015041828155517578,0,0.0002868175506591797
70565309_0_34520180832378985.csv,20,4,0,True,0.0002281665802001953,0.0001590251922607422,0,6.914138793945312e-05
28079336_2_2139598421036200532.csv,20,121,,False,0.0005381107330322266,0.0004191398620605469,0,0.00011897087097167969
77526612_0_8961590724422161134.csv,20,5,1,False,0.00023889541625976562,0.0001728534698486328,0,6.604194641113281e-05
32286995_0_428076949991393276.csv,20,5,,False,0.00022101402282714844,0.00017499923706054688,0,4.601478576660156e-05
55961337_0_6548713781034932742.csv,20,44,,False,0.0011010169982910156,0.0009491443634033203,0,0.0001518726348876953
85627640_0_8469871215145474481.csv,20,7,,False,0.0003590583801269531,0.0002930164337158203,0,6.604194641113281e-05
12187596_5_2670947630490462207.csv,20,15,,False,0.0005400180816650391,0.0004649162292480469,0,7.510185241699219e-05
27115185_25_6617652978902760028.csv,20,5,,False,0.00016379356384277344,0.00011491775512695312,0,4.887580871582031e-05
73128332_0_3363347224179898954.csv,20,8,,False,0.00014209747314453125,0.00010609626770019531,0,3.600120544433594e-05
74207889_193_42088949085190649.csv,20,5,,False,0.00016689300537109375,0.00011992454528808594,0,4.696846008300781e-05
82806029_2_7792188988245343457.csv,20,5,,False,0.0001671314239501953,0.00011801719665527344,0,4.9114227294921875e-05
17627487_0_7482364338839093515.csv,20,3,,False,0.00014901161193847656,0.00011706352233886719,0,3.1948089599609375e-05
63450419_0_8012592961815711786.csv,20,197,,False,0.0003361701965332031,0.0002701282501220703,0,6.604194641113281e-05
14007582_0_4628453535445348621.csv,20,4,,False,0.00017595291137695312,0.00013685226440429688,0,3.910064697265625e-05
23362259_0_6423595299295342642.csv,20,4,,False,9.298324584960938e-05,5.888938903808594e-05,0,3.409385681152344e-05
85266574_1_5749019246018311248.csv,20,10,,False,0.00047087669372558594,0.00040984153747558594,0,6.103515625e-05
59179576_0_7816560732040832274.csv,20,83,,False,0.0015439987182617188,0.0013909339904785156,0,0.00015306472778320312
80255499_92_8843377411837968002.csv,20,2,,False,6.985664367675781e-05,4.1961669921875e-05,0,2.7894973754882812e-05
