tableId,rowsToAnalyze,tableSize,subjectColumnIdx,identifiedCorrectly,executionTimeFull,executionTimePure,queryTime,disambiguationTime
84298322_1_8543362646571974060.csv,20,7,,False,0.0001270771026611328,8.296966552734375e-05,0,4.410743713378906e-05
34117882_0_3714273916884462264.csv,20,2,,False,9.894371032714844e-05,6.794929504394531e-05,0,3.0994415283203125e-05
12271141_0_213693783755148562.csv,20,29,1,False,0.0012509822845458984,0.001027822494506836,0,0.0002231597900390625
99687188_0_1844204354931842929.csv,20,38,,False,0.0014278888702392578,0.0012669563293457031,0,0.0001609325408935547
70565309_0_34520180832378985.csv,20,4,0,True,0.00019407272338867188,0.00013709068298339844,0,5.698204040527344e-05
28079336_2_2139598421036200532.csv,20,121,,False,0.0004949569702148438,0.0003879070281982422,0,0.00010704994201660156
77526612_0_8961590724422161134.csv,20,5,1,False,0.0002570152282714844,0.00019693374633789062,0,6.008148193359375e-05
32286995_0_428076949991393276.csv,20,5,,False,0.00019812583923339844,0.0001571178436279297,0,4.100799560546875e-05
55961337_0_6548713781034932742.csv,20,44,,False,0.0009629726409912109,0.0008358955383300781,0,0.0001270771026611328
85627640_0_8469871215145474481.csv,20,7,,False,0.000331878662109375,0.0002739429473876953,0,5.793571472167969e-05
12187596_5_2670947630490462207.csv,20,15,,False,0.00046896934509277344,0.0004000663757324219,0,6.890296936035156e-05
27115185_25_6617652978902760028.csv,20,5,,False,0.00014710426330566406,0.00011110305786132812,0,3.600120544433594e-05
73128332_0_3363347224179898954.csv,20,8,,False,0.0001239776611328125,8.678436279296875e-05,0,3.719329833984375e-05
74207889_193_42088949085190649.csv,20,5,,False,0.00015497207641601562,0.00011205673217773438,0,4.291534423828125e-05
82806029_2_7792188988245343457.csv,20,5,,False,0.0001621246337890625,0.00011706352233886719,0,4.506111145019531e-05
17627487_0_7482364338839093515.csv,20,3,,False,0.00012993812561035156,9.989738464355469e-05,0,3.0040740966796875e-05
63450419_0_8012592961815711786.csv,20,197,,False,0.00033593177795410156,0.00026702880859375,0,6.890296936035156e-05
14007582_0_4628453535445348621.csv,20,4,,False,0.00015592575073242188,0.0001220703125,0,3.3855438232421875e-05
23362259_0_6423595299295342642.csv,20,4,,False,8.392333984375e-05,5.2928924560546875e-05,0,3.0994415283203125e-05
85266574_1_5749019246018311248.csv,20,10,,False,0.00043487548828125,0.0003788471221923828,0,5.602836608886719e-05
59179576_0_7816560732040832274.csv,20,83,,False,0.001444101333618164,0.0013039112091064453,0,0.00014019012451171875
80255499_92_8843377411837968002.csv,20,2,,False,7.987022399902344e-05,4.982948303222656e-05,0,3.0040740966796875e-05
