tableId,rowsToAnalyze,tableSize,subjectColumnIdx,identifiedCorrectly,executionTimeFull,executionTimePure,queryTime,disambiguationTime
84298322_1_8543362646571974060.csv,20,7,,False,0.00012183189392089844,8.082389831542969e-05,0,4.100799560546875e-05
34117882_0_3714273916884462264.csv,20,2,,False,9.489059448242188e-05,6.604194641113281e-05,0,2.8848648071289062e-05
12271141_0_213693783755148562.csv,20,29,0,True,0.0012271404266357422,0.0010170936584472656,0,0.00021004676818847656
99687188_0_1844204354931842929.csv,20,38,4,False,0.0014829635620117188,0.0013120174407958984,0,0.0001709461212158203
70565309_0_34520180832378985.csv,20,4,0,True,0.0001888275146484375,0.0001327991485595703,0,5.602836608886719e-05
28079336_2_2139598421036200532.csv,20,121,,False,0.0004949569702148438,0.00038814544677734375,0,0.0001068115234375
77526612_0_8961590724422161134.csv,20,5,1,False,0.0002200603485107422,0.0001609325408935547,0,5.91278076171875e-05
32286995_0_428076949991393276.csv,20,5,,False,0.0001862049102783203,0.0001480579376220703,0,3.814697265625e-05
55961337_0_6548713781034932742.csv,20,44,,False,0.0009949207305908203,0.0008687973022460938,0,0.00012612342834472656
85627640_0_8469871215145474481.csv,20,7,5,False,0.00036597251892089844,0.00030303001403808594,0,6.29425048828125e-05
12187596_5_2670947630490462207.csv,20,15,,False,0.0005850791931152344,0.00045299530029296875,0,0.00013208389282226562
27115185_25_6617652978902760028.csv,20,5,,False,0.000186920166015625,0.00014495849609375,0,4.1961669921875e-05
73128332_0_3363347224179898954.csv,20,8,,False,0.00012493133544921875,8.58306884765625e-05,0,3.910064697265625e-05
74207889_193_42088949085190649.csv,20,5,,False,0.0001609325408935547,0.00012302398681640625,0,3.790855407714844e-05
82806029_2_7792188988245343457.csv,20,5,2,False,0.00018286705017089844,0.00013184547424316406,0,5.1021575927734375e-05
17627487_0_7482364338839093515.csv,20,3,,False,0.00022077560424804688,0.00017499923706054688,0,4.57763671875e-05
63450419_0_8012592961815711786.csv,20,197,,False,0.0005090236663818359,0.0004031658172607422,0,0.00010585784912109375
14007582_0_4628453535445348621.csv,20,4,,False,0.0001728534698486328,0.00013399124145507812,0,3.886222839355469e-05
23362259_0_6423595299295342642.csv,20,4,,False,9.107589721679688e-05,5.698204040527344e-05,0,3.409385681152344e-05
85266574_1_5749019246018311248.csv,20,10,,False,0.0005030632019042969,0.0004432201385498047,0,5.984306335449219e-05
59179576_0_7816560732040832274.csv,20,83,,False,0.0016019344329833984,0.0014309883117675781,0,0.0001709461212158203
80255499_92_8843377411837968002.csv,20,2,,False,8.0108642578125e-05,4.506111145019531e-05,0,3.504753112792969e-05
