tableId,rowsToAnalyze,tableSize,subjectColumnIdx,identifiedCorrectly,executionTimeFull,executionTimePure,queryTime,disambiguationTime
84298322_1_8543362646571974060.csv,20,7,,False,0.00011801719665527344,7.796287536621094e-05,0,4.00543212890625e-05
34117882_0_3714273916884462264.csv,20,2,,False,9.393692016601562e-05,6.4849853515625e-05,0,2.9087066650390625e-05
12271141_0_213693783755148562.csv,20,29,0,True,0.0012178421020507812,0.0010218620300292969,0,0.00019598007202148438
99687188_0_1844204354931842929.csv,20,38,4,False,0.0016040802001953125,0.0014390945434570312,0,0.00016498565673828125
70565309_0_34520180832378985.csv,20,4,0,True,0.0002009868621826172,0.00013899803161621094,0,6.198883056640625e-05
28079336_2_2139598421036200532.csv,20,121,,False,0.0005841255187988281,0.00047206878662109375,0,0.00011205673217773438
77526612_0_8961590724422161134.csv,20,5,1,False,0.0002269744873046875,0.000164031982421875,0,6.29425048828125e-05
32286995_0_428076949991393276.csv,20,5,,False,0.0001919269561767578,0.0001518726348876953,0,4.00543212890625e-05
55961337_0_6548713781034932742.csv,20,44,,False,0.0011141300201416016,0.0009713172912597656,0,0.00014281272888183594
85627640_0_8469871215145474481.csv,20,7,5,False,0.0003731250762939453,0.00030803680419921875,0,6.508827209472656e-05
12187596_5_2670947630490462207.csv,20,15,,False,0.0005090236663818359,0.00043392181396484375,0,7.510185241699219e-05
27115185_25_6617652978902760028.csv,20,5,,False,0.00021696090698242188,0.00016379356384277344,0,5.316734313964844e-05
73128332_0_3363347224179898954.csv,20,8,,False,0.00012612342834472656,8.702278137207031e-05,0,3.910064697265625e-05
74207889_193_42088949085190649.csv,20,5,,False,0.00023889541625976562,0.00018596649169921875,0,5.2928924560546875e-05
82806029_2_7792188988245343457.csv,20,5,2,False,0.0002789497375488281,0.0002110004425048828,0,6.794929504394531e-05
17627487_0_7482364338839093515.csv,20,3,,False,0.00014090538024902344,0.0001068115234375,0,3.409385681152344e-05
63450419_0_8012592961815711786.csv,20,197,,False,0.0003371238708496094,0.0002720355987548828,0,6.508827209472656e-05
14007582_0_4628453535445348621.csv,20,4,,False,0.0001671314239501953,0.00013208389282226562,0,3.504753112792969e-05
23362259_0_6423595299295342642.csv,20,4,,False,0.00011610984802246094,8.320808410644531e-05,0,3.2901763916015625e-05
85266574_1_5749019246018311248.csv,20,10,,False,0.0005538463592529297,0.0004718303680419922,0,8.20159912109375e-05
59179576_0_7816560732040832274.csv,20,83,,False,0.0015017986297607422,0.0013489723205566406,0,0.00015282630920410156
80255499_92_8843377411837968002.csv,20,2,,False,7.104873657226562e-05,4.315376281738281e-05,0,2.7894973754882812e-05
