tableId,rowsToAnalyze,tableSize,subjectColumnIdx,identifiedCorrectly,executionTimeFull,executionTimePure,queryTime,disambiguationTime
84298322_1_8543362646571974060.csv,20,7,,False,0.0001850128173828125,0.00012302398681640625,0,6.198883056640625e-05
34117882_0_3714273916884462264.csv,20,2,,False,0.00014400482177734375,0.000102996826171875,0,4.100799560546875e-05
12271141_0_213693783755148562.csv,20,29,,False,0.0016770362854003906,0.0013849735260009766,0,0.00029206275939941406
99687188_0_1844204354931842929.csv,20,38,,False,0.002225160598754883,0.001981019973754883,0,0.000244140625
70565309_0_34520180832378985.csv,20,4,0,True,0.00026702880859375,0.00019407272338867188,0,7.295608520507812e-05
28079336_2_2139598421036200532.csv,20,121,,False,0.0007450580596923828,0.0005960464477539062,0,0.00014901161193847656
77526612_0_8961590724422161134.csv,20,5,1,False,0.0003437995910644531,0.0002589225769042969,0,8.487701416015625e-05
32286995_0_428076949991393276.csv,20,5,,False,0.0003020763397216797,0.0002429485321044922,0,5.91278076171875e-05
55961337_0_6548713781034932742.csv,20,44,,False,0.0017359256744384766,0.001483917236328125,0,0.00025200843811035156
85627640_0_8469871215145474481.csv,20,7,,False,0.0005629062652587891,0.00045108795166015625,0,0.00011181831359863281
12187596_5_2670947630490462207.csv,20,15,,False,0.0011439323425292969,0.0009920597076416016,0,0.0001518726348876953
27115185_25_6617652978902760028.csv,20,5,,False,0.00026488304138183594,0.00019598007202148438,0,6.890296936035156e-05
73128332_0_3363347224179898954.csv,20,8,,False,0.00019598007202148438,0.0001399517059326172,0,5.602836608886719e-05
74207889_193_42088949085190649.csv,20,5,,False,0.00024700164794921875,0.00019097328186035156,0,5.602836608886719e-05
82806029_2_7792188988245343457.csv,20,5,,False,0.0002799034118652344,0.0002040863037109375,0,7.581710815429688e-05
17627487_0_7482364338839093515.csv,20,3,,False,0.000247955322265625,0.0001938343048095703,0,5.412101745605469e-05
63450419_0_8012592961815711786.csv,20,197,,False,0.00061798095703125,0.0005011558532714844,0,0.00011682510375976562
14007582_0_4628453535445348621.csv,20,4,,False,0.00029587745666503906,0.0002319812774658203,0,6.389617919921875e-05
23362259_0_6423595299295342642.csv,20,4,,False,0.0001590251922607422,0.00010395050048828125,0,5.507469177246094e-05
85266574_1_5749019246018311248.csv,20,10,,False,0.000843048095703125,0.0007390975952148438,0,0.00010395050048828125
59179576_0_7816560732040832274.csv,20,83,,False,0.002596139907836914,0.002346038818359375,0,0.00025010108947753906
80255499_92_8843377411837968002.csv,20,2,,False,0.00011897087097167969,7.510185241699219e-05,0,4.38690185546875e-05
