tableId,rowsToAnalyze,tableSize,subjectColumnIdx,identifiedCorrectly,executionTimeFull,executionTimePure,queryTime,disambiguationTime
84298322_1_8543362646571974060.csv,20,7,,False,0.00011301040649414062,7.390975952148438e-05,0,3.910064697265625e-05
34117882_0_3714273916884462264.csv,20,2,,False,9.012222290039062e-05,6.29425048828125e-05,0,2.7179718017578125e-05
12271141_0_213693783755148562.csv,20,29,,False,0.001172780990600586,0.0009768009185791016,0,0.00019598007202148438
99687188_0_1844204354931842929.csv,20,38,,False,0.0017750263214111328,0.0016169548034667969,0,0.00015807151794433594
70565309_0_34520180832378985.csv,20,4,0,True,0.00019788742065429688,0.00013685226440429688,0,6.103515625e-05
28079336_2_2139598421036200532.csv,20,121,,False,0.0005559921264648438,0.0004467964172363281,0,0.00010919570922851562
77526612_0_8961590724422161134.csv,20,5,1,False,0.00022292137145996094,0.0001609325408935547,0,6.198883056640625e-05
32286995_0_428076949991393276.csv,20,5,,False,0.00020003318786621094,0.0001480579376220703,0,5.1975250244140625e-05
55961337_0_6548713781034932742.csv,20,44,,False,0.001001119613647461,0.0008740425109863281,0,0.0001270771026611328
85627640_0_8469871215145474481.csv,20,7,5,False,0.0003421306610107422,0.0002830028533935547,0,5.91278076171875e-05
12187596_5_2670947630490462207.csv,20,15,,False,0.00046896934509277344,0.0003991127014160156,0,6.985664367675781e-05
27115185_25_6617652978902760028.csv,20,5,,False,0.00014710426330566406,0.00011205673217773438,0,3.504753112792969e-05
73128332_0_3363347224179898954.csv,20,8,,False,0.00011205673217773438,7.796287536621094e-05,0,3.409385681152344e-05
74207889_193_42088949085190649.csv,20,5,,False,0.00015497207641601562,0.00011897087097167969,0,3.600120544433594e-05
82806029_2_7792188988245343457.csv,20,5,2,False,0.00017499923706054688,0.00012683868408203125,0,4.8160552978515625e-05
17627487_0_7482364338839093515.csv,20,3,,False,0.00013685226440429688,0.00010585784912109375,0,3.0994415283203125e-05
63450419_0_8012592961815711786.csv,20,197,,False,0.00032711029052734375,0.0002551078796386719,0,7.200241088867188e-05
14007582_0_4628453535445348621.csv,20,4,,False,0.00017690658569335938,0.00014400482177734375,0,3.2901763916015625e-05
23362259_0_6423595299295342642.csv,20,4,,False,8.893013000488281e-05,5.698204040527344e-05,0,3.1948089599609375e-05
85266574_1_5749019246018311248.csv,20,10,,False,0.00045680999755859375,0.00040078163146972656,0,5.602836608886719e-05
59179576_0_7816560732040832274.csv,20,83,,False,0.0017590522766113281,0.0015099048614501953,0,0.0002491474151611328
80255499_92_8843377411837968002.csv,20,2,,False,8.797645568847656e-05,4.9114227294921875e-05,0,3.886222839355469e-05
