tableId,rowsToAnalyze,tableSize,subjectColumnIdx,identifiedCorrectly,executionTimeFull,executionTimePure,queryTime,disambiguationTime
84298322_1_8543362646571974060.csv,20,7,,False,0.00012612342834472656,8.20159912109375e-05,0,4.410743713378906e-05
34117882_0_3714273916884462264.csv,20,2,,False,9.608268737792969e-05,6.699562072753906e-05,0,2.9087066650390625e-05
12271141_0_213693783755148562.csv,20,29,,False,0.0011959075927734375,0.0009868144989013672,0,0.0002090930938720703
99687188_0_1844204354931842929.csv,20,38,,False,0.0015289783477783203,0.0013599395751953125,0,0.0001690387725830078
70565309_0_34520180832378985.csv,20,4,0,True,0.00020694732666015625,0.0001468658447265625,0,6.008148193359375e-05
28079336_2_2139598421036200532.csv,20,121,,False,0.0005309581756591797,0.000415802001953125,0,0.00011515617370605469
77526612_0_8961590724422161134.csv,20,5,1,False,0.00024890899658203125,0.0001888275146484375,0,6.008148193359375e-05
32286995_0_428076949991393276.csv,20,5,,False,0.00021004676818847656,0.00017118453979492188,0,3.886222839355469e-05
55961337_0_6548713781034932742.csv,20,44,,False,0.0010080337524414062,0.0008549690246582031,0,0.00015306472778320312
85627640_0_8469871215145474481.csv,20,7,,False,0.00033783912658691406,0.0002770423889160156,0,6.079673767089844e-05
12187596_5_2670947630490462207.csv,20,15,,False,0.0004749298095703125,0.0004029273986816406,0,7.200241088867188e-05
27115185_25_6617652978902760028.csv,20,5,,False,0.00015091896057128906,0.00011396408081054688,0,3.695487976074219e-05
73128332_0_3363347224179898954.csv,20,8,,False,0.00011587142944335938,7.987022399902344e-05,0,3.600120544433594e-05
74207889_193_42088949085190649.csv,20,5,,False,0.00014901161193847656,0.00011396408081054688,0,3.504753112792969e-05
82806029_2_7792188988245343457.csv,20,5,,False,0.0001609325408935547,0.00011301040649414062,0,4.792213439941406e-05
17627487_0_7482364338839093515.csv,20,3,,False,0.0001308917999267578,9.989738464355469e-05,0,3.0994415283203125e-05
63450419_0_8012592961815711786.csv,20,197,,False,0.0003211498260498047,0.0002582073211669922,0,6.29425048828125e-05
14007582_0_4628453535445348621.csv,20,4,,False,0.00015997886657714844,0.00012493133544921875,0,3.504753112792969e-05
23362259_0_6423595299295342642.csv,20,4,,False,8.58306884765625e-05,5.3882598876953125e-05,0,3.1948089599609375e-05
85266574_1_5749019246018311248.csv,20,10,,False,0.0004889965057373047,0.00043082237243652344,0,5.817413330078125e-05
59179576_0_7816560732040832274.csv,20,83,,False,0.0014700889587402344,0.0013251304626464844,0,0.00014495849609375
80255499_92_8843377411837968002.csv,20,2,,False,6.794929504394531e-05,4.00543212890625e-05,0,2.7894973754882812e-05
