tableId,rowsToAnalyze,tableSize,subjectColumnIdx,identifiedCorrectly,executionTimeFull,executionTimePure,queryTime,disambiguationTime
84298322_1_8543362646571974060.csv,20,7,,False,0.00011086463928222656,7.295608520507812e-05,0,3.790855407714844e-05
34117882_0_3714273916884462264.csv,20,2,,False,9.894371032714844e-05,7.200241088867188e-05,0,2.6941299438476562e-05
12271141_0_213693783755148562.csv,20,29,,False,0.0011451244354248047,0.0009512901306152344,0,0.0001938343048095703
99687188_0_1844204354931842929.csv,20,38,,False,0.0015010833740234375,0.0013320446014404297,0,0.0001690387725830078
70565309_0_34520180832378985.csv,20,4,0,True,0.00019288063049316406,0.00013685226440429688,0,5.602836608886719e-05
28079336_2_2139598421036200532.csv,20,121,,False,0.0005261898040771484,0.0004131793975830078,0,0.00011301040649414062
77526612_0_8961590724422161134.csv,20,5,1,False,0.00024199485778808594,0.00017786026000976562,0,6.413459777832031e-05
32286995_0_428076949991393276.csv,20,5,,False,0.00018596649169921875,0.0001480579376220703,0,3.790855407714844e-05
55961337_0_6548713781034932742.csv,20,44,,False,0.0010950565338134766,0.0009129047393798828,0,0.00018215179443359375
85627640_0_8469871215145474481.csv,20,7,,False,0.0003600120544433594,0.0002951622009277344,0,6.4849853515625e-05
12187596_5_2670947630490462207.csv,20,15,,False,0.0005061626434326172,0.00043201446533203125,0,7.414817810058594e-05
27115185_25_6617652978902760028.csv,20,5,,False,0.00017690658569335938,0.0001380443572998047,0,3.886222839355469e-05
73128332_0_3363347224179898954.csv,20,8,,False,0.0001239776611328125,8.606910705566406e-05,0,3.790855407714844e-05
74207889_193_42088949085190649.csv,20,5,,False,0.0001571178436279297,0.00011992454528808594,0,3.719329833984375e-05
82806029_2_7792188988245343457.csv,20,5,,False,0.00016808509826660156,0.00011801719665527344,0,5.0067901611328125e-05
17627487_0_7482364338839093515.csv,20,3,,False,0.00014495849609375,0.00011014938354492188,0,3.4809112548828125e-05
63450419_0_8012592961815711786.csv,20,197,,False,0.00037097930908203125,0.0002970695495605469,0,7.390975952148438e-05
14007582_0_4628453535445348621.csv,20,4,,False,0.0001881122589111328,0.0001480579376220703,0,4.00543212890625e-05
23362259_0_6423595299295342642.csv,20,4,,False,9.393692016601562e-05,5.793571472167969e-05,0,3.600120544433594e-05
85266574_1_5749019246018311248.csv,20,10,,False,0.00048804283142089844,0.0004241466522216797,0,6.389617919921875e-05
59179576_0_7816560732040832274.csv,20,83,,False,0.0015289783477783203,0.0013728141784667969,0,0.00015616416931152344
80255499_92_8843377411837968002.csv,20,2,,False,7.295608520507812e-05,4.38690185546875e-05,0,2.9087066650390625e-05
