tableId,rowsToAnalyze,tableSize,subjectColumnIdx,identifiedCorrectly,executionTimeFull,executionTimePure,queryTime,disambiguationTime
84298322_1_8543362646571974060.csv,20,7,,False,0.00011992454528808594,7.891654968261719e-05,0,4.100799560546875e-05
34117882_0_3714273916884462264.csv,20,2,,False,9.298324584960938e-05,6.4849853515625e-05,0,2.8133392333984375e-05
12271141_0_213693783755148562.csv,20,29,0,True,0.00131988525390625,0.0010769367218017578,0,0.0002429485321044922
99687188_0_1844204354931842929.csv,20,38,4,False,0.0014820098876953125,0.0013210773468017578,0,0.0001609325408935547
70565309_0_34520180832378985.csv,20,4,0,True,0.00019097328186035156,0.00013494491577148438,0,5.602836608886719e-05
28079336_2_2139598421036200532.csv,20,121,,False,0.0004971027374267578,0.00038909912109375,0,0.00010800361633300781
77526612_0_8961590724422161134.csv,20,5,1,False,0.0002269744873046875,0.000164031982421875,0,6.29425048828125e-05
32286995_0_428076949991393276.csv,20,5,,False,0.0002269744873046875,0.0001881122589111328,0,3.886222839355469e-05
55961337_0_6548713781034932742.csv,20,44,,False,0.00102996826171875,0.0009028911590576172,0,0.0001270771026611328
85627640_0_8469871215145474481.csv,20,7,5,False,0.00035190582275390625,0.0002911090850830078,0,6.079673767089844e-05
12187596_5_2670947630490462207.csv,20,15,,False,0.00047516822814941406,0.00040411949157714844,0,7.104873657226562e-05
27115185_25_6617652978902760028.csv,20,5,,False,0.00014901161193847656,0.00011301040649414062,0,3.600120544433594e-05
73128332_0_3363347224179898954.csv,20,8,,False,0.00011515617370605469,7.915496826171875e-05,0,3.600120544433594e-05
74207889_193_42088949085190649.csv,20,5,,False,0.0001461505889892578,0.00011205673217773438,0,3.409385681152344e-05
82806029_2_7792188988245343457.csv,20,5,2,False,0.0001671314239501953,0.0001201629638671875,0,4.696846008300781e-05
17627487_0_7482364338839093515.csv,20,3,,False,0.00013709068298339844,0.00010609626770019531,0,3.0994415283203125e-05
63450419_0_8012592961815711786.csv,20,197,,False,0.0003159046173095703,0.0002551078796386719,0,6.079673767089844e-05
14007582_0_4628453535445348621.csv,20,4,,False,0.00015783309936523438,0.0001239776611328125,0,3.3855438232421875e-05
23362259_0_6423595299295342642.csv,20,4,,False,8.392333984375e-05,5.3882598876953125e-05,0,3.0040740966796875e-05
85266574_1_5749019246018311248.csv,20,10,,False,0.0004470348358154297,0.0003910064697265625,0,5.602836608886719e-05
59179576_0_7816560732040832274.csv,20,83,,False,0.0014879703521728516,0.0013360977172851562,0,0.0001518726348876953
80255499_92_8843377411837968002.csv,20,2,,False,7.915496826171875e-05,5.030632019042969e-05,0,2.8848648071289062e-05
