tableId,rowsToAnalyze,tableSize,subjectColumnIdx,identifiedCorrectly,executionTimeFull,executionTimePure,queryTime,disambiguationTime
84298322_1_8543362646571974060.csv,20,7,,False,0.0001289844512939453,8.392333984375e-05,0,4.506111145019531e-05
34117882_0_3714273916884462264.csv,20,2,,False,9.703636169433594e-05,6.699562072753906e-05,0,3.0040740966796875e-05
12271141_0_213693783755148562.csv,20,29,,False,0.0012209415435791016,0.0010030269622802734,0,0.00021791458129882812
99687188_0_1844204354931842929.csv,20,38,,False,0.001544952392578125,0.0013740062713623047,0,0.0001709461212158203
70565309_0_34520180832378985.csv,20,4,0,True,0.0001971721649169922,0.00013899803161621094,0,5.817413330078125e-05
28079336_2_2139598421036200532.csv,20,121,,False,0.0005221366882324219,0.00041413307189941406,0,0.00010800361633300781
77526612_0_8961590724422161134.csv,20,5,1,False,0.00022292137145996094,0.00016188621520996094,0,6.103515625e-05
32286995_0_428076949991393276.csv,20,5,,False,0.00020503997802734375,0.0001671314239501953,0,3.790855407714844e-05
55961337_0_6548713781034932742.csv,20,44,,False,0.001074075698852539,0.0009469985961914062,0,0.0001270771026611328
85627640_0_8469871215145474481.csv,20,7,,False,0.00033402442932128906,0.00027298927307128906,0,6.103515625e-05
12187596_5_2670947630490462207.csv,20,15,,False,0.0005080699920654297,0.0004379749298095703,0,7.009506225585938e-05
27115185_25_6617652978902760028.csv,20,5,,False,0.0001819133758544922,0.00014400482177734375,0,3.790855407714844e-05
73128332_0_3363347224179898954.csv,20,8,,False,0.0001201629638671875,8.320808410644531e-05,0,3.695487976074219e-05
74207889_193_42088949085190649.csv,20,5,,False,0.00015616416931152344,0.00011897087097167969,0,3.719329833984375e-05
82806029_2_7792188988245343457.csv,20,5,,False,0.0001659393310546875,0.00011801719665527344,0,4.792213439941406e-05
17627487_0_7482364338839093515.csv,20,3,,False,0.0001380443572998047,0.00010609626770019531,0,3.1948089599609375e-05
63450419_0_8012592961815711786.csv,20,197,,False,0.00033402442932128906,0.0002689361572265625,0,6.508827209472656e-05
14007582_0_4628453535445348621.csv,20,4,,False,0.0001659393310546875,0.00012993812561035156,0,3.600120544433594e-05
23362259_0_6423595299295342642.csv,20,4,,False,8.893013000488281e-05,5.602836608886719e-05,0,3.2901763916015625e-05
85266574_1_5749019246018311248.csv,20,10,,False,0.0004620552062988281,0.0004029273986816406,0,5.91278076171875e-05
59179576_0_7816560732040832274.csv,20,83,,False,0.0014798641204833984,0.0013229846954345703,0,0.00015687942504882812
80255499_92_8843377411837968002.csv,20,2,,False,7.009506225585938e-05,4.1961669921875e-05,0,2.8133392333984375e-05
