tableId,rowsToAnalyze,tableSize,subjectColumnIdx,identifiedCorrectly,executionTimeFull,executionTimePure,queryTime,disambiguationTime
84298322_1_8543362646571974060.csv,20,7,0,True,0.0001392364501953125,8.702278137207031e-05,0,5.221366882324219e-05
34117882_0_3714273916884462264.csv,20,2,0,True,9.608268737792969e-05,6.699562072753906e-05,0,2.9087066650390625e-05
12271141_0_213693783755148562.csv,20,29,0,True,0.0012891292572021484,0.0010731220245361328,0,0.00021600723266601562
99687188_0_1844204354931842929.csv,20,38,0,True,0.0017669200897216797,0.0015728473663330078,0,0.00019407272338867188
70565309_0_34520180832378985.csv,20,4,0,True,0.00030612945556640625,0.00021314620971679688,0,9.298324584960938e-05
28079336_2_2139598421036200532.csv,20,121,0,True,0.0005538463592529297,0.0004279613494873047,0,0.000125885009765625
77526612_0_8961590724422161134.csv,20,5,0,True,0.0002460479736328125,0.00018095970153808594,0,6.508827209472656e-05
32286995_0_428076949991393276.csv,20,5,0,True,0.00022411346435546875,0.0001671314239501953,0,5.698204040527344e-05
55961337_0_6548713781034932742.csv,20,44,0,True,0.0010259151458740234,0.0008988380432128906,0,0.0001270771026611328
85627640_0_8469871215145474481.csv,20,7,0,True,0.0003669261932373047,0.00030493736267089844,0,6.198883056640625e-05
12187596_5_2670947630490462207.csv,20,15,0,True,0.0005018711090087891,0.0004279613494873047,0,7.390975952148438e-05
27115185_25_6617652978902760028.csv,20,5,0,True,0.00015783309936523438,0.00012087821960449219,0,3.695487976074219e-05
73128332_0_3363347224179898954.csv,20,8,0,True,0.0001201629638671875,8.416175842285156e-05,0,3.600120544433594e-05
74207889_193_42088949085190649.csv,20,5,0,True,0.00015497207641601562,0.00011897087097167969,0,3.600120544433594e-05
82806029_2_7792188988245343457.csv,20,5,0,True,0.00017499923706054688,0.0001270771026611328,0,4.792213439941406e-05
17627487_0_7482364338839093515.csv,20,3,0,True,0.0002319812774658203,0.00016498565673828125,0,6.699562072753906e-05
63450419_0_8012592961815711786.csv,20,197,0,True,0.0005319118499755859,0.0004439353942871094,0,8.797645568847656e-05
14007582_0_4628453535445348621.csv,20,4,0,True,0.00021696090698242188,0.0001709461212158203,0,4.601478576660156e-05
23362259_0_6423595299295342642.csv,20,4,0,True,9.894371032714844e-05,6.389617919921875e-05,0,3.504753112792969e-05
85266574_1_5749019246018311248.csv,20,10,0,True,0.0004520416259765625,0.000392913818359375,0,5.91278076171875e-05
59179576_0_7816560732040832274.csv,20,83,0,True,0.0015130043029785156,0.0013680458068847656,0,0.00014495849609375
80255499_92_8843377411837968002.csv,20,2,0,True,7.200241088867188e-05,4.291534423828125e-05,0,2.9087066650390625e-05
