tableId,rowsToAnalyze,tableSize,subjectColumnIdx,identifiedCorrectly,executionTimeFull,executionTimePure,queryTime,disambiguationTime
84298322_1_8543362646571974060.csv,20,7,,False,0.00011110305786132812,7.390975952148438e-05,0,3.719329833984375e-05
34117882_0_3714273916884462264.csv,20,2,,False,8.797645568847656e-05,6.198883056640625e-05,0,2.5987625122070312e-05
12271141_0_213693783755148562.csv,20,29,,False,0.0011429786682128906,0.0009520053863525391,0,0.00019097328186035156
99687188_0_1844204354931842929.csv,20,38,,False,0.0014541149139404297,0.0012710094451904297,0,0.00018310546875
70565309_0_34520180832378985.csv,20,4,,False,0.0001900196075439453,0.00013399124145507812,0,5.602836608886719e-05
28079336_2_2139598421036200532.csv,20,121,,False,0.0004940032958984375,0.00038695335388183594,0,0.00010704994201660156
77526612_0_8961590724422161134.csv,20,5,1,False,0.0003669261932373047,0.0002257823944091797,0,0.000141143798828125
32286995_0_428076949991393276.csv,20,5,,False,0.00023412704467773438,0.00017404556274414062,0,6.008148193359375e-05
55961337_0_6548713781034932742.csv,20,44,,False,0.0011050701141357422,0.0009510517120361328,0,0.00015401840209960938
85627640_0_8469871215145474481.csv,20,7,5,False,0.000370025634765625,0.0003058910369873047,0,6.413459777832031e-05
12187596_5_2670947630490462207.csv,20,15,,False,0.0005021095275878906,0.0004279613494873047,0,7.414817810058594e-05
27115185_25_6617652978902760028.csv,20,5,,False,0.0001571178436279297,0.00011897087097167969,0,3.814697265625e-05
73128332_0_3363347224179898954.csv,20,8,,False,0.00012183189392089844,8.487701416015625e-05,0,3.695487976074219e-05
74207889_193_42088949085190649.csv,20,5,,False,0.00015592575073242188,0.00011897087097167969,0,3.695487976074219e-05
82806029_2_7792188988245343457.csv,20,5,,False,0.00019121170043945312,0.00013327598571777344,0,5.793571472167969e-05
17627487_0_7482364338839093515.csv,20,3,,False,0.0001308917999267578,9.989738464355469e-05,0,3.0994415283203125e-05
63450419_0_8012592961815711786.csv,20,197,,False,0.00033092498779296875,0.00026988983154296875,0,6.103515625e-05
14007582_0_4628453535445348621.csv,20,4,,False,0.0001690387725830078,0.00013208389282226562,0,3.695487976074219e-05
23362259_0_6423595299295342642.csv,20,4,,False,8.988380432128906e-05,5.698204040527344e-05,0,3.2901763916015625e-05
85266574_1_5749019246018311248.csv,20,10,,False,0.0004749298095703125,0.0004119873046875,0,6.29425048828125e-05
59179576_0_7816560732040832274.csv,20,83,,False,0.0015368461608886719,0.0013840198516845703,0,0.00015282630920410156
80255499_92_8843377411837968002.csv,20,2,,False,9.417533874511719e-05,4.8160552978515625e-05,0,4.601478576660156e-05
