tableId,rowsToAnalyze,tableSize,subjectColumnIdx,identifiedCorrectly,executionTimeFull,executionTimePure,queryTime,disambiguationTime
84298322_1_8543362646571974060.csv,20,7,,False,0.00020003318786621094,0.00013709068298339844,0,6.29425048828125e-05
34117882_0_3714273916884462264.csv,20,2,,False,0.00016498565673828125,0.00011491775512695312,0,5.0067901611328125e-05
12271141_0_213693783755148562.csv,20,29,,False,0.0012950897216796875,0.0010149478912353516,0,0.00028014183044433594
99687188_0_1844204354931842929.csv,20,38,,False,0.0017538070678710938,0.0015559196472167969,0,0.00019788742065429688
70565309_0_34520180832378985.csv,20,4,0,True,0.0002079010009765625,0.0001468658447265625,0,6.103515625e-05
28079336_2_2139598421036200532.csv,20,121,,False,0.0005309581756591797,0.00041484832763671875,0,0.00011610984802246094
77526612_0_8961590724422161134.csv,20,5,1,False,0.00023508071899414062,0.00017118453979492188,0,6.389617919921875e-05
32286995_0_428076949991393276.csv,20,5,,False,0.00019788742065429688,0.00015687942504882812,0,4.100799560546875e-05
55961337_0_6548713781034932742.csv,20,44,,False,0.000993967056274414,0.0008599758148193359,0,0.00013399124145507812
85627640_0_8469871215145474481.csv,20,7,,False,0.0003380775451660156,0.00028014183044433594,0,5.793571472167969e-05
12187596_5_2670947630490462207.csv,20,15,,False,0.0005109310150146484,0.00043702125549316406,0,7.390975952148438e-05
27115185_25_6617652978902760028.csv,20,5,,False,0.00014591217041015625,0.00011086463928222656,0,3.504753112792969e-05
73128332_0_3363347224179898954.csv,20,8,,False,0.00011301040649414062,7.915496826171875e-05,0,3.3855438232421875e-05
74207889_193_42088949085190649.csv,20,5,,False,0.00014901161193847656,0.00011491775512695312,0,3.409385681152344e-05
82806029_2_7792188988245343457.csv,20,5,,False,0.0001590251922607422,0.00011205673217773438,0,4.696846008300781e-05
17627487_0_7482364338839093515.csv,20,3,,False,0.00013184547424316406,0.00010085105895996094,0,3.0994415283203125e-05
63450419_0_8012592961815711786.csv,20,197,,False,0.0003190040588378906,0.0002579689025878906,0,6.103515625e-05
14007582_0_4628453535445348621.csv,20,4,,False,0.00015997886657714844,0.00012493133544921875,0,3.504753112792969e-05
23362259_0_6423595299295342642.csv,20,4,,False,8.58306884765625e-05,5.3882598876953125e-05,0,3.1948089599609375e-05
85266574_1_5749019246018311248.csv,20,10,,False,0.0004620552062988281,0.0004038810729980469,0,5.817413330078125e-05
59179576_0_7816560732040832274.csv,20,83,,False,0.0015230178833007812,0.0013592243194580078,0,0.00016379356384277344
80255499_92_8843377411837968002.csv,20,2,,False,8.416175842285156e-05,5.507469177246094e-05,0,2.9087066650390625e-05
