tableId,rowsToAnalyze,tableSize,subjectColumnIdx,identifiedCorrectly,executionTimeFull,executionTimePure,queryTime,disambiguationTime
84298322_1_8543362646571974060.csv,20,7,,False,0.00012302398681640625,7.486343383789062e-05,0,4.8160552978515625e-05
34117882_0_3714273916884462264.csv,20,2,,False,0.0001308917999267578,7.581710815429688e-05,0,5.507469177246094e-05
12271141_0_213693783755148562.csv,20,29,0,True,0.0012280941009521484,0.0010149478912353516,0,0.00021314620971679688
99687188_0_1844204354931842929.csv,20,38,,False,0.0016279220581054688,0.0014569759368896484,0,0.0001709461212158203
70565309_0_34520180832378985.csv,20,4,0,True,0.0002090930938720703,0.00014710426330566406,0,6.198883056640625e-05
28079336_2_2139598421036200532.csv,20,121,,False,0.0005681514739990234,0.0004432201385498047,0,0.00012493133544921875
77526612_0_8961590724422161134.csv,20,5,1,False,0.00024199485778808594,0.00017499923706054688,0,6.699562072753906e-05
32286995_0_428076949991393276.csv,20,5,,False,0.00020313262939453125,0.00015997886657714844,0,4.315376281738281e-05
55961337_0_6548713781034932742.csv,20,44,,False,0.001107931137084961,0.0009710788726806641,0,0.00013685226440429688
85627640_0_8469871215145474481.csv,20,7,5,False,0.00037384033203125,0.00030684471130371094,0,6.699562072753906e-05
12187596_5_2670947630490462207.csv,20,15,,False,0.0005028247833251953,0.0004279613494873047,0,7.486343383789062e-05
27115185_25_6617652978902760028.csv,20,5,,False,0.0001590251922607422,0.00011992454528808594,0,3.910064697265625e-05
73128332_0_3363347224179898954.csv,20,8,,False,0.0001201629638671875,8.296966552734375e-05,0,3.719329833984375e-05
74207889_193_42088949085190649.csv,20,5,,False,0.00015616416931152344,0.00011920928955078125,0,3.695487976074219e-05
82806029_2_7792188988245343457.csv,20,5,,False,0.0001659393310546875,0.00011777877807617188,0,4.8160552978515625e-05
17627487_0_7482364338839093515.csv,20,3,,False,0.00013709068298339844,0.00010514259338378906,0,3.1948089599609375e-05
63450419_0_8012592961815711786.csv,20,197,,False,0.0003349781036376953,0.00026988983154296875,0,6.508827209472656e-05
14007582_0_4628453535445348621.csv,20,4,,False,0.0001690387725830078,0.00013184547424316406,0,3.719329833984375e-05
23362259_0_6423595299295342642.csv,20,4,,False,8.893013000488281e-05,5.698204040527344e-05,0,3.1948089599609375e-05
85266574_1_5749019246018311248.csv,20,10,,False,0.0004680156707763672,0.00040793418884277344,0,6.008148193359375e-05
59179576_0_7816560732040832274.csv,20,83,,False,0.0014569759368896484,0.0013039112091064453,0,0.00015306472778320312
80255499_92_8843377411837968002.csv,20,2,,False,0.00013399124145507812,6.604194641113281e-05,0,6.794929504394531e-05
