tableId,rowsToAnalyze,tableSize,subjectColumnIdx,identifiedCorrectly,executionTimeFull,executionTimePure,queryTime,disambiguationTime
84298322_1_8543362646571974060.csv,20,7,0,True,0.0002200603485107422,0.00015401840209960938,0,6.604194641113281e-05
34117882_0_3714273916884462264.csv,20,2,0,True,0.0001900196075439453,0.0001430511474609375,0,4.696846008300781e-05
12271141_0_213693783755148562.csv,20,29,0,True,0.001950979232788086,0.0015959739685058594,0,0.00035500526428222656
99687188_0_1844204354931842929.csv,20,38,,False,0.002640962600708008,0.0023620128631591797,0,0.0002789497375488281
70565309_0_34520180832378985.csv,20,4,,False,0.00030803680419921875,0.00021314620971679688,0,9.489059448242188e-05
28079336_2_2139598421036200532.csv,20,121,,False,0.0009348392486572266,0.0007748603820800781,0,0.00015997886657714844
77526612_0_8961590724422161134.csv,20,5,0,True,0.00037288665771484375,0.0002789497375488281,0,9.393692016601562e-05
32286995_0_428076949991393276.csv,20,5,0,True,0.00035309791564941406,0.00029206275939941406,0,6.103515625e-05
55961337_0_6548713781034932742.csv,20,44,,False,0.0016658306121826172,0.0014607906341552734,0,0.00020503997802734375
85627640_0_8469871215145474481.csv,20,7,0,True,0.0005857944488525391,0.0004968643188476562,0,8.893013000488281e-05
12187596_5_2670947630490462207.csv,20,15,0,True,0.0008151531219482422,0.0007040500640869141,0,0.00011110305786132812
27115185_25_6617652978902760028.csv,20,5,0,True,0.0002598762512207031,0.0002048015594482422,0,5.507469177246094e-05
73128332_0_3363347224179898954.csv,20,8,0,True,0.0002219676971435547,0.00016307830810546875,0,5.888938903808594e-05
74207889_193_42088949085190649.csv,20,5,0,True,0.0002760887145996094,0.00021791458129882812,0,5.817413330078125e-05
82806029_2_7792188988245343457.csv,20,5,0,True,0.00031495094299316406,0.0002460479736328125,0,6.890296936035156e-05
17627487_0_7482364338839093515.csv,20,3,0,True,0.00028204917907714844,0.0002200603485107422,0,6.198883056640625e-05
63450419_0_8012592961815711786.csv,20,197,,False,0.0005810260772705078,0.0004799365997314453,0,0.0001010894775390625
14007582_0_4628453535445348621.csv,20,4,0,True,0.0002799034118652344,0.0002219676971435547,0,5.793571472167969e-05
23362259_0_6423595299295342642.csv,20,4,0,True,0.0001590251922607422,0.00010895729064941406,0,5.0067901611328125e-05
85266574_1_5749019246018311248.csv,20,10,0,True,0.0007269382476806641,0.0006330013275146484,0,9.393692016601562e-05
59179576_0_7816560732040832274.csv,20,83,,False,0.0024499893188476562,0.0022230148315429688,0,0.0002269744873046875
80255499_92_8843377411837968002.csv,20,2,0,True,0.00011801719665527344,7.700920104980469e-05,0,4.100799560546875e-05
