tableId,rowsToAnalyze,tableSize,subjectColumnIdx,identifiedCorrectly,executionTimeFull,executionTimePure,queryTime,disambiguationTime
84298322_1_8543362646571974060.csv,20,7,,False,0.00011897087097167969,7.700920104980469e-05,0,4.1961669921875e-05
34117882_0_3714273916884462264.csv,20,2,,False,8.821487426757812e-05,6.103515625e-05,0,2.7179718017578125e-05
12271141_0_213693783755148562.csv,20,29,,False,0.001138925552368164,0.0009229183197021484,0,0.00021600723266601562
99687188_0_1844204354931842929.csv,20,38,,False,0.0014560222625732422,0.0012969970703125,0,0.0001590251922607422
70565309_0_34520180832378985.csv,20,4,,False,0.00019407272338867188,0.00013709068298339844,0,5.698204040527344e-05
28079336_2_2139598421036200532.csv,20,121,,False,0.0007328987121582031,0.0005128383636474609,0,0.0002200603485107422
77526612_0_8961590724422161134.csv,20,5,1,False,0.00027489662170410156,0.00019502639770507812,0,7.987022399902344e-05
32286995_0_428076949991393276.csv,20,5,,False,0.0002110004425048828,0.00016307830810546875,0,4.792213439941406e-05
55961337_0_6548713781034932742.csv,20,44,,False,0.0010600090026855469,0.0009191036224365234,0,0.00014090538024902344
85627640_0_8469871215145474481.csv,20,7,,False,0.00036787986755371094,0.0002999305725097656,0,6.794929504394531e-05
12187596_5_2670947630490462207.csv,20,15,,False,0.0005090236663818359,0.00043201446533203125,0,7.700920104980469e-05
27115185_25_6617652978902760028.csv,20,5,,False,0.00015687942504882812,0.00011897087097167969,0,3.790855407714844e-05
73128332_0_3363347224179898954.csv,20,8,,False,0.0001220703125,8.606910705566406e-05,0,3.600120544433594e-05
74207889_193_42088949085190649.csv,20,5,,False,0.00015616416931152344,0.00011920928955078125,0,3.695487976074219e-05
82806029_2_7792188988245343457.csv,20,5,,False,0.00018405914306640625,0.0001361370086669922,0,4.792213439941406e-05
17627487_0_7482364338839093515.csv,20,3,,False,0.000141143798828125,0.00010704994201660156,0,3.409385681152344e-05
63450419_0_8012592961815711786.csv,20,197,,False,0.0003399848937988281,0.0002751350402832031,0,6.4849853515625e-05
14007582_0_4628453535445348621.csv,20,4,,False,0.0001678466796875,0.0001308917999267578,0,3.695487976074219e-05
23362259_0_6423595299295342642.csv,20,4,,False,8.893013000488281e-05,5.602836608886719e-05,0,3.2901763916015625e-05
85266574_1_5749019246018311248.csv,20,10,,False,0.0004680156707763672,0.000408172607421875,0,5.984306335449219e-05
59179576_0_7816560732040832274.csv,20,83,,False,0.001528024673461914,0.001377105712890625,0,0.00015091896057128906
80255499_92_8843377411837968002.csv,20,2,,False,7.295608520507812e-05,4.291534423828125e-05,0,3.0040740966796875e-05
