tableId,rowsToAnalyze,tableSize,subjectColumnIdx,identifiedCorrectly,executionTimeFull,executionTimePure,queryTime,disambiguationTime
84298322_1_8543362646571974060.csv,20,7,0,True,0.00013303756713867188,9.107589721679688e-05,0,4.1961669921875e-05
34117882_0_3714273916884462264.csv,20,2,0,True,8.821487426757812e-05,6.103515625e-05,0,2.7179718017578125e-05
12271141_0_213693783755148562.csv,20,29,0,True,0.001138925552368164,0.0009250640869140625,0,0.00021386146545410156
99687188_0_1844204354931842929.csv,20,38,0,True,0.0015110969543457031,0.0013511180877685547,0,0.00015997886657714844
70565309_0_34520180832378985.csv,20,4,0,True,0.00021910667419433594,0.00015401840209960938,0,6.508827209472656e-05
28079336_2_2139598421036200532.csv,20,121,0,True,0.0005061626434326172,0.0003960132598876953,0,0.00011014938354492188
77526612_0_8961590724422161134.csv,20,5,0,True,0.0002429485321044922,0.0001659393310546875,0,7.700920104980469e-05
32286995_0_428076949991393276.csv,20,5,0,True,0.0001900196075439453,0.00015115737915039062,0,3.886222839355469e-05
55961337_0_6548713781034932742.csv,20,44,0,True,0.000993967056274414,0.0008637905120849609,0,0.00013017654418945312
85627640_0_8469871215145474481.csv,20,7,0,True,0.0003399848937988281,0.0002799034118652344,0,6.008148193359375e-05
12187596_5_2670947630490462207.csv,20,15,0,True,0.0004780292510986328,0.00040793418884277344,0,7.009506225585938e-05
27115185_25_6617652978902760028.csv,20,5,0,True,0.00015091896057128906,0.00011491775512695312,0,3.600120544433594e-05
73128332_0_3363347224179898954.csv,20,8,0,True,0.00011682510375976562,8.082389831542969e-05,0,3.600120544433594e-05
74207889_193_42088949085190649.csv,20,5,0,True,0.00016188621520996094,0.000125885009765625,0,3.600120544433594e-05
82806029_2_7792188988245343457.csv,20,5,0,True,0.00016999244689941406,0.00012111663818359375,0,4.887580871582031e-05
17627487_0_7482364338839093515.csv,20,3,0,True,0.00013208389282226562,0.00010013580322265625,0,3.1948089599609375e-05
63450419_0_8012592961815711786.csv,20,197,0,True,0.0003180503845214844,0.0002551078796386719,0,6.29425048828125e-05
14007582_0_4628453535445348621.csv,20,4,0,True,0.0001690387725830078,0.00013399124145507812,0,3.504753112792969e-05
23362259_0_6423595299295342642.csv,20,4,0,True,8.392333984375e-05,5.2928924560546875e-05,0,3.0994415283203125e-05
85266574_1_5749019246018311248.csv,20,10,0,True,0.00043511390686035156,0.0003790855407714844,0,5.602836608886719e-05
59179576_0_7816560732040832274.csv,20,83,0,True,0.0013968944549560547,0.0012569427490234375,0,0.0001399517059326172
80255499_92_8843377411837968002.csv,20,2,0,True,6.604194641113281e-05,3.886222839355469e-05,0,2.7179718017578125e-05
