tableId,rowsToAnalyze,tableSize,subjectColumnIdx,identifiedCorrectly,executionTimeFull,executionTimePure,queryTime,disambiguationTime
84298322_1_8543362646571974060.csv,20,7,0,True,0.00018596649169921875,0.0001277923583984375,0,5.817413330078125e-05
34117882_0_3714273916884462264.csv,20,2,0,True,0.00013589859008789062,9.799003601074219e-05,0,3.790855407714844e-05
12271141_0_213693783755148562.csv,20,29,0,True,0.0018000602722167969,0.0015301704406738281,0,0.00026988983154296875
99687188_0_1844204354931842929.csv,20,38,,False,0.0026090145111083984,0.002346038818359375,0,0.00026297569274902344
70565309_0_34520180832378985.csv,20,4,0,True,0.0003170967102050781,0.00022792816162109375,0,8.916854858398438e-05
28079336_2_2139598421036200532.csv,20,121,,False,0.0009229183197021484,0.0007250308990478516,0,0.00019788742065429688
77526612_0_8961590724422161134.csv,20,5,0,True,0.00038313865661621094,0.000286102294921875,0,9.703636169433594e-05
32286995_0_428076949991393276.csv,20,5,0,True,0.0003399848937988281,0.0002760887145996094,0,6.389617919921875e-05
55961337_0_6548713781034932742.csv,20,44,,False,0.0016319751739501953,0.0014238357543945312,0,0.00020813941955566406
85627640_0_8469871215145474481.csv,20,7,0,True,0.0005891323089599609,0.0004901885986328125,0,9.894371032714844e-05
12187596_5_2670947630490462207.csv,20,15,0,True,0.0008220672607421875,0.0007030963897705078,0,0.00011897087097167969
27115185_25_6617652978902760028.csv,20,5,0,True,0.00026106834411621094,0.00020194053649902344,0,5.91278076171875e-05
73128332_0_3363347224179898954.csv,20,8,0,True,0.0002148151397705078,0.00015401840209960938,0,6.079673767089844e-05
74207889_193_42088949085190649.csv,20,5,0,True,0.00025391578674316406,0.0001990795135498047,0,5.4836273193359375e-05
82806029_2_7792188988245343457.csv,20,5,0,True,0.0003178119659423828,0.00021600723266601562,0,0.00010180473327636719
17627487_0_7482364338839093515.csv,20,3,0,True,0.0002460479736328125,0.00019311904907226562,0,5.2928924560546875e-05
63450419_0_8012592961815711786.csv,20,197,,False,0.000637054443359375,0.0005271434783935547,0,0.00010991096496582031
14007582_0_4628453535445348621.csv,20,4,0,True,0.00027298927307128906,0.00021791458129882812,0,5.507469177246094e-05
23362259_0_6423595299295342642.csv,20,4,0,True,0.00014710426330566406,0.00010013580322265625,0,4.696846008300781e-05
85266574_1_5749019246018311248.csv,20,10,0,True,0.0007588863372802734,0.0006668567657470703,0,9.202957153320312e-05
59179576_0_7816560732040832274.csv,20,83,,False,0.002691984176635742,0.0024018287658691406,0,0.00029015541076660156
80255499_92_8843377411837968002.csv,20,2,0,True,0.0001399517059326172,8.58306884765625e-05,0,5.412101745605469e-05
