tableId,rowsToAnalyze,tableSize,subjectColumnIdx,identifiedCorrectly,executionTimeFull,executionTimePure,queryTime,disambiguationTime
84298322_1_8543362646571974060.csv,20,7,,False,0.0001220703125,8.20159912109375e-05,0,4.00543212890625e-05
34117882_0_3714273916884462264.csv,20,2,,False,8.702278137207031e-05,6.008148193359375e-05,0,2.6941299438476562e-05
12271141_0_213693783755148562.csv,20,29,,False,0.0011501312255859375,0.0009570121765136719,0,0.00019311904907226562
99687188_0_1844204354931842929.csv,20,38,,False,0.001499176025390625,0.0013310909271240234,0,0.00016808509826660156
70565309_0_34520180832378985.csv,20,4,0,True,0.00020384788513183594,0.00014495849609375,0,5.888938903808594e-05
28079336_2_2139598421036200532.csv,20,121,,False,0.0005269050598144531,0.00041294097900390625,0,0.00011396408081054688
77526612_0_8961590724422161134.csv,20,5,1,False,0.00023412704467773438,0.00017118453979492188,0,6.29425048828125e-05
32286995_0_428076949991393276.csv,20,5,,False,0.00020313262939453125,0.00015807151794433594,0,4.506111145019531e-05
55961337_0_6548713781034932742.csv,20,44,,False,0.0009500980377197266,0.0008230209350585938,0,0.0001270771026611328
85627640_0_8469871215145474481.csv,20,7,,False,0.0003299713134765625,0.00027179718017578125,0,5.817413330078125e-05
12187596_5_2670947630490462207.csv,20,15,,False,0.0004680156707763672,0.00039887428283691406,0,6.914138793945312e-05
27115185_25_6617652978902760028.csv,20,5,,False,0.0002338886260986328,0.00017499923706054688,0,5.888938903808594e-05
73128332_0_3363347224179898954.csv,20,8,,False,0.00017786026000976562,0.00012803077697753906,0,4.982948303222656e-05
74207889_193_42088949085190649.csv,20,5,,False,0.00024890899658203125,0.00019502639770507812,0,5.3882598876953125e-05
82806029_2_7792188988245343457.csv,20,5,,False,0.0002789497375488281,0.00021505355834960938,0,6.389617919921875e-05
17627487_0_7482364338839093515.csv,20,3,,False,0.00019788742065429688,0.00015592575073242188,0,4.1961669921875e-05
63450419_0_8012592961815711786.csv,20,197,,False,0.0005309581756591797,0.00043392181396484375,0,9.703636169433594e-05
14007582_0_4628453535445348621.csv,20,4,,False,0.0002529621124267578,0.00020194053649902344,0,5.1021575927734375e-05
23362259_0_6423595299295342642.csv,20,4,,False,0.00013899803161621094,9.083747863769531e-05,0,4.8160552978515625e-05
85266574_1_5749019246018311248.csv,20,10,,False,0.0007719993591308594,0.0006759166717529297,0,9.608268737792969e-05
59179576_0_7816560732040832274.csv,20,83,,False,0.00186920166015625,0.0016322135925292969,0,0.00023698806762695312
80255499_92_8843377411837968002.csv,20,2,,False,8.106231689453125e-05,4.696846008300781e-05,0,3.409385681152344e-05
