tableId,rowsToAnalyze,tableSize,subjectColumnIdx,identifiedCorrectly,executionTimeFull,executionTimePure,queryTime,disambiguationTime
84298322_1_8543362646571974060.csv,20,7,,False,0.00014901161193847656,9.298324584960938e-05,0,5.602836608886719e-05
34117882_0_3714273916884462264.csv,20,2,,False,0.00010991096496582031,7.200241088867188e-05,0,3.790855407714844e-05
12271141_0_213693783755148562.csv,20,29,,False,0.0013020038604736328,0.0010650157928466797,0,0.00023698806762695312
99687188_0_1844204354931842929.csv,20,38,,False,0.001544952392578125,0.0013740062713623047,0,0.0001709461212158203
70565309_0_34520180832378985.csv,20,4,0,True,0.0002110004425048828,0.00013899803161621094,0,7.200241088867188e-05
28079336_2_2139598421036200532.csv,20,121,,False,0.0005228519439697266,0.00041484832763671875,0,0.00010800361633300781
77526612_0_8961590724422161134.csv,20,5,1,False,0.0002579689025878906,0.0001850128173828125,0,7.295608520507812e-05
32286995_0_428076949991393276.csv,20,5,,False,0.00018596649169921875,0.0001480579376220703,0,3.790855407714844e-05
55961337_0_6548713781034932742.csv,20,44,,False,0.0010368824005126953,0.0008840560913085938,0,0.00015282630920410156
85627640_0_8469871215145474481.csv,20,7,,False,0.0003540515899658203,0.0002911090850830078,0,6.29425048828125e-05
12187596_5_2670947630490462207.csv,20,15,,False,0.0005121231079101562,0.0004372596740722656,0,7.486343383789062e-05
27115185_25_6617652978902760028.csv,20,5,,False,0.00015997886657714844,0.00011992454528808594,0,4.00543212890625e-05
73128332_0_3363347224179898954.csv,20,8,,False,0.0001227855682373047,8.487701416015625e-05,0,3.790855407714844e-05
74207889_193_42088949085190649.csv,20,5,,False,0.00015807151794433594,0.00011992454528808594,0,3.814697265625e-05
82806029_2_7792188988245343457.csv,20,5,,False,0.00016999244689941406,0.00011920928955078125,0,5.078315734863281e-05
17627487_0_7482364338839093515.csv,20,3,,False,0.00014019012451171875,0.00010800361633300781,0,3.218650817871094e-05
63450419_0_8012592961815711786.csv,20,197,,False,0.0003540515899658203,0.00028705596923828125,0,6.699562072753906e-05
14007582_0_4628453535445348621.csv,20,4,,False,0.0001621246337890625,0.00012612342834472656,0,3.600120544433594e-05
23362259_0_6423595299295342642.csv,20,4,,False,8.606910705566406e-05,5.507469177246094e-05,0,3.0994415283203125e-05
85266574_1_5749019246018311248.csv,20,10,,False,0.0004448890686035156,0.00038695335388183594,0,5.793571472167969e-05
59179576_0_7816560732040832274.csv,20,83,,False,0.0014460086822509766,0.001300811767578125,0,0.00014519691467285156
80255499_92_8843377411837968002.csv,20,2,,False,6.985664367675781e-05,4.100799560546875e-05,0,2.8848648071289062e-05
