tableId,rowsToAnalyze,tableSize,subjectColumnIdx,identifiedCorrectly,executionTimeFull,executionTimePure,queryTime,disambiguationTime
84298322_1_8543362646571974060.csv,20,7,,False,0.00012302398681640625,7.987022399902344e-05,0,4.315376281738281e-05
34117882_0_3714273916884462264.csv,20,2,,False,9.489059448242188e-05,6.604194641113281e-05,0,2.8848648071289062e-05
12271141_0_213693783755148562.csv,20,29,0,True,0.0012409687042236328,0.0010139942169189453,0,0.0002269744873046875
99687188_0_1844204354931842929.csv,20,38,4,False,0.0014519691467285156,0.0012810230255126953,0,0.0001709461212158203
70565309_0_34520180832378985.csv,20,4,0,True,0.00021004676818847656,0.00015401840209960938,0,5.602836608886719e-05
28079336_2_2139598421036200532.csv,20,121,,False,0.0005300045013427734,0.0004150867462158203,0,0.00011491775512695312
77526612_0_8961590724422161134.csv,20,5,1,False,0.00024199485778808594,0.00017690658569335938,0,6.508827209472656e-05
32286995_0_428076949991393276.csv,20,5,,False,0.0001862049102783203,0.0001480579376220703,0,3.814697265625e-05
55961337_0_6548713781034932742.csv,20,44,,False,0.0010581016540527344,0.0009059906005859375,0,0.00015211105346679688
85627640_0_8469871215145474481.csv,20,7,5,False,0.00038695335388183594,0.0003230571746826172,0,6.389617919921875e-05
12187596_5_2670947630490462207.csv,20,15,,False,0.00051116943359375,0.00043511390686035156,0,7.605552673339844e-05
27115185_25_6617652978902760028.csv,20,5,,False,0.00017905235290527344,0.00012803077697753906,0,5.1021575927734375e-05
73128332_0_3363347224179898954.csv,20,8,,False,0.00011610984802246094,8.0108642578125e-05,0,3.600120544433594e-05
74207889_193_42088949085190649.csv,20,5,,False,0.00019216537475585938,0.00015211105346679688,0,4.00543212890625e-05
82806029_2_7792188988245343457.csv,20,5,2,False,0.0001690387725830078,0.00012183189392089844,0,4.7206878662109375e-05
17627487_0_7482364338839093515.csv,20,3,,False,0.0001327991485595703,0.00010085105895996094,0,3.1948089599609375e-05
63450419_0_8012592961815711786.csv,20,197,,False,0.0003719329833984375,0.000308990478515625,0,6.29425048828125e-05
14007582_0_4628453535445348621.csv,20,4,,False,0.0001709461212158203,0.00013399124145507812,0,3.695487976074219e-05
23362259_0_6423595299295342642.csv,20,4,,False,8.988380432128906e-05,5.698204040527344e-05,0,3.2901763916015625e-05
85266574_1_5749019246018311248.csv,20,10,,False,0.0004711151123046875,0.0004100799560546875,0,6.103515625e-05
59179576_0_7816560732040832274.csv,20,83,,False,0.00152587890625,0.0013709068298339844,0,0.00015497207641601562
80255499_92_8843377411837968002.csv,20,2,,False,6.699562072753906e-05,4.00543212890625e-05,0,2.6941299438476562e-05
