tableId,rowsToAnalyze,tableSize,subjectColumnIdx,identifiedCorrectly,executionTimeFull,executionTimePure,queryTime,disambiguationTime
84298322_1_8543362646571974060.csv,20,7,,False,0.00011110305786132812,7.295608520507812e-05,0,3.814697265625e-05
34117882_0_3714273916884462264.csv,20,2,,False,8.702278137207031e-05,6.103515625e-05,0,2.5987625122070312e-05
12271141_0_213693783755148562.csv,20,29,0,True,0.0011298656463623047,0.0009369850158691406,0,0.00019288063049316406
99687188_0_1844204354931842929.csv,20,38,4,False,0.0014560222625732422,0.0012869834899902344,0,0.0001690387725830078
70565309_0_34520180832378985.csv,20,4,0,True,0.00018787384033203125,0.0001327991485595703,0,5.507469177246094e-05
28079336_2_2139598421036200532.csv,20,121,,False,0.0005419254302978516,0.00043582916259765625,0,0.00010609626770019531
77526612_0_8961590724422161134.csv,20,5,1,False,0.00023698806762695312,0.00017189979553222656,0,6.508827209472656e-05
32286995_0_428076949991393276.csv,20,5,,False,0.0001881122589111328,0.00015020370483398438,0,3.790855407714844e-05
55961337_0_6548713781034932742.csv,20,44,,False,0.0010738372802734375,0.0009160041809082031,0,0.00015783309936523438
85627640_0_8469871215145474481.csv,20,7,5,False,0.000431060791015625,0.00032591819763183594,0,0.00010514259338378906
12187596_5_2670947630490462207.csv,20,15,,False,0.0005099773406982422,0.0004329681396484375,0,7.700920104980469e-05
27115185_25_6617652978902760028.csv,20,5,,False,0.0001590251922607422,0.00012087821960449219,0,3.814697265625e-05
73128332_0_3363347224179898954.csv,20,8,,False,0.00012087821960449219,8.392333984375e-05,0,3.695487976074219e-05
74207889_193_42088949085190649.csv,20,5,,False,0.0001850128173828125,0.00014090538024902344,0,4.410743713378906e-05
82806029_2_7792188988245343457.csv,20,5,1,False,0.00024008750915527344,0.00016999244689941406,0,7.009506225585938e-05
17627487_0_7482364338839093515.csv,20,3,,False,0.0001418590545654297,0.0001068115234375,0,3.504753112792969e-05
63450419_0_8012592961815711786.csv,20,197,,False,0.00034999847412109375,0.0002739429473876953,0,7.605552673339844e-05
14007582_0_4628453535445348621.csv,20,4,,False,0.00017786026000976562,0.00013899803161621094,0,3.886222839355469e-05
23362259_0_6423595299295342642.csv,20,4,1,False,0.00011801719665527344,7.295608520507812e-05,0,4.506111145019531e-05
85266574_1_5749019246018311248.csv,20,10,,False,0.0005028247833251953,0.00043392181396484375,0,6.890296936035156e-05
59179576_0_7816560732040832274.csv,20,83,,False,0.0015690326690673828,0.0014119148254394531,0,0.0001571178436279297
80255499_92_8843377411837968002.csv,20,2,,False,7.390975952148438e-05,4.291534423828125e-05,0,3.0994415283203125e-05
