tableId,rowsToAnalyze,tableSize,subjectColumnIdx,identifiedCorrectly,executionTimeFull,executionTimePure,queryTime,disambiguationTime
84298322_1_8543362646571974060.csv,20,7,0,True,0.00024890899658203125,0.0001709461212158203,0,7.796287536621094e-05
34117882_0_3714273916884462264.csv,20,2,0,True,0.00017905235290527344,0.0001289844512939453,0,5.0067901611328125e-05
12271141_0_213693783755148562.csv,20,29,,False,0.0018990039825439453,0.001580953598022461,0,0.0003180503845214844
99687188_0_1844204354931842929.csv,20,38,,False,0.0027480125427246094,0.0024759769439697266,0,0.0002720355987548828
70565309_0_34520180832378985.csv,20,4,,False,0.00037407875061035156,0.00027489662170410156,0,9.918212890625e-05
28079336_2_2139598421036200532.csv,20,121,,False,0.0009560585021972656,0.0007688999176025391,0,0.00018715858459472656
77526612_0_8961590724422161134.csv,20,5,0,True,0.00040221214294433594,0.0002930164337158203,0,0.00010919570922851562
32286995_0_428076949991393276.csv,20,5,0,True,0.0003361701965332031,0.0002739429473876953,0,6.222724914550781e-05
55961337_0_6548713781034932742.csv,20,44,,False,0.0016169548034667969,0.00140380859375,0,0.00021314620971679688
85627640_0_8469871215145474481.csv,20,7,0,True,0.00055694580078125,0.00045680999755859375,0,0.00010013580322265625
12187596_5_2670947630490462207.csv,20,15,0,True,0.0008370876312255859,0.0007178783416748047,0,0.00011920928955078125
27115185_25_6617652978902760028.csv,20,5,0,True,0.0002608299255371094,0.00020384788513183594,0,5.698204040527344e-05
73128332_0_3363347224179898954.csv,20,8,0,True,0.00024318695068359375,0.0001881122589111328,0,5.507469177246094e-05
74207889_193_42088949085190649.csv,20,5,0,True,0.00028395652770996094,0.00022602081298828125,0,5.793571472167969e-05
82806029_2_7792188988245343457.csv,20,5,0,True,0.0002701282501220703,0.0001990795135498047,0,7.104873657226562e-05
17627487_0_7482364338839093515.csv,20,3,0,True,0.00023412704467773438,0.00018405914306640625,0,5.0067901611328125e-05
63450419_0_8012592961815711786.csv,20,197,,False,0.0006079673767089844,0.0005099773406982422,0,9.799003601074219e-05
14007582_0_4628453535445348621.csv,20,4,0,True,0.0002899169921875,0.0002319812774658203,0,5.793571472167969e-05
23362259_0_6423595299295342642.csv,20,4,0,True,0.00016498565673828125,0.00011205673217773438,0,5.2928924560546875e-05
85266574_1_5749019246018311248.csv,20,10,0,True,0.0008139610290527344,0.0007178783416748047,0,9.608268737792969e-05
59179576_0_7816560732040832274.csv,20,83,,False,0.002485036849975586,0.0022470951080322266,0,0.00023794174194335938
80255499_92_8843377411837968002.csv,20,2,0,True,0.00011992454528808594,7.700920104980469e-05,0,4.291534423828125e-05
