tableId,rowsToAnalyze,tableSize,subjectColumnIdx,identifiedCorrectly,executionTimeFull,executionTimePure,queryTime,disambiguationTime
84298322_1_8543362646571974060.csv,20,7,,False,0.0001430511474609375,0.00010013580322265625,0,4.291534423828125e-05
34117882_0_3714273916884462264.csv,20,2,,False,9.584426879882812e-05,6.580352783203125e-05,0,3.0040740966796875e-05
12271141_0_213693783755148562.csv,20,29,0,True,0.0012149810791015625,0.0010058879852294922,0,0.0002090930938720703
99687188_0_1844204354931842929.csv,20,38,4,False,0.0015311241149902344,0.0013632774353027344,0,0.0001678466796875
70565309_0_34520180832378985.csv,20,4,0,True,0.0001900196075439453,0.00013303756713867188,0,5.698204040527344e-05
28079336_2_2139598421036200532.csv,20,121,,False,0.0005040168762207031,0.0003898143768310547,0,0.00011420249938964844
77526612_0_8961590724422161134.csv,20,5,1,False,0.0003039836883544922,0.00023698806762695312,0,6.699562072753906e-05
32286995_0_428076949991393276.csv,20,5,,False,0.000186920166015625,0.00014901161193847656,0,3.790855407714844e-05
55961337_0_6548713781034932742.csv,20,44,,False,0.0010170936584472656,0.0008890628814697266,0,0.00012803077697753906
85627640_0_8469871215145474481.csv,20,7,5,False,0.0003769397735595703,0.00031304359436035156,0,6.389617919921875e-05
12187596_5_2670947630490462207.csv,20,15,,False,0.0005090236663818359,0.0004341602325439453,0,7.486343383789062e-05
27115185_25_6617652978902760028.csv,20,5,,False,0.0001761913299560547,0.00013709068298339844,0,3.910064697265625e-05
73128332_0_3363347224179898954.csv,20,8,,False,0.00012421607971191406,8.511543273925781e-05,0,3.910064697265625e-05
74207889_193_42088949085190649.csv,20,5,,False,0.00015807151794433594,0.00012087821960449219,0,3.719329833984375e-05
82806029_2_7792188988245343457.csv,20,5,1,False,0.0001800060272216797,0.0001289844512939453,0,5.1021575927734375e-05
17627487_0_7482364338839093515.csv,20,3,,False,0.00014495849609375,0.00010895729064941406,0,3.600120544433594e-05
63450419_0_8012592961815711786.csv,20,197,,False,0.0003268718719482422,0.00026297569274902344,0,6.389617919921875e-05
14007582_0_4628453535445348621.csv,20,4,,False,0.00017595291137695312,0.00013685226440429688,0,3.910064697265625e-05
23362259_0_6423595299295342642.csv,20,4,1,False,9.989738464355469e-05,6.604194641113281e-05,0,3.3855438232421875e-05
85266574_1_5749019246018311248.csv,20,10,,False,0.0004870891571044922,0.0004210472106933594,0,6.604194641113281e-05
59179576_0_7816560732040832274.csv,20,83,,False,0.0016779899597167969,0.0015239715576171875,0,0.00015401840209960938
80255499_92_8843377411837968002.csv,20,2,,False,0.0001239776611328125,5.888938903808594e-05,0,6.508827209472656e-05
