tableId,rowsToAnalyze,tableSize,subjectColumnIdx,identifiedCorrectly,executionTimeFull,executionTimePure,queryTime,disambiguationTime
84298322_1_8543362646571974060.csv,20,7,0,True,0.00015091896057128906,9.894371032714844e-05,0,5.1975250244140625e-05
34117882_0_3714273916884462264.csv,20,2,,False,9.608268737792969e-05,6.604194641113281e-05,0,3.0040740966796875e-05
12271141_0_213693783755148562.csv,20,29,,False,0.0013821125030517578,0.0010941028594970703,0,0.0002880096435546875
99687188_0_1844204354931842929.csv,20,38,,False,0.0014681816101074219,0.0013043880462646484,0,0.00016379356384277344
70565309_0_34520180832378985.csv,20,4,,False,0.00019216537475585938,0.0001361370086669922,0,5.602836608886719e-05
28079336_2_2139598421036200532.csv,20,121,,False,0.0005819797515869141,0.0004661083221435547,0,0.00011587142944335938
77526612_0_8961590724422161134.csv,20,5,1,False,0.0002219676971435547,0.0001609325408935547,0,6.103515625e-05
32286995_0_428076949991393276.csv,20,5,,False,0.00018596649169921875,0.00014781951904296875,0,3.814697265625e-05
55961337_0_6548713781034932742.csv,20,44,,False,0.0010268688201904297,0.0008909702301025391,0,0.00013589859008789062
85627640_0_8469871215145474481.csv,20,7,5,False,0.0003428459167480469,0.00028395652770996094,0,5.888938903808594e-05
12187596_5_2670947630490462207.csv,20,15,,False,0.0004811286926269531,0.0004000663757324219,0,8.106231689453125e-05
27115185_25_6617652978902760028.csv,20,5,,False,0.00014710426330566406,0.00011205673217773438,0,3.504753112792969e-05
73128332_0_3363347224179898954.csv,20,8,,False,0.00012803077697753906,9.107589721679688e-05,0,3.695487976074219e-05
74207889_193_42088949085190649.csv,20,5,,False,0.00015497207641601562,0.00011897087097167969,0,3.600120544433594e-05
82806029_2_7792188988245343457.csv,20,5,1,False,0.00017595291137695312,0.0001289844512939453,0,4.696846008300781e-05
17627487_0_7482364338839093515.csv,20,3,,False,0.0001289844512939453,0.00010013580322265625,0,2.8848648071289062e-05
63450419_0_8012592961815711786.csv,20,197,,False,0.0003311634063720703,0.0002651214599609375,0,6.604194641113281e-05
14007582_0_4628453535445348621.csv,20,4,,False,0.00015616416931152344,0.0001220703125,0,3.409385681152344e-05
23362259_0_6423595299295342642.csv,20,4,1,False,8.988380432128906e-05,5.984306335449219e-05,0,3.0040740966796875e-05
85266574_1_5749019246018311248.csv,20,10,,False,0.00043511390686035156,0.0003790855407714844,0,5.602836608886719e-05
59179576_0_7816560732040832274.csv,20,83,,False,0.0014109611511230469,0.0012698173522949219,0,0.000141143798828125
80255499_92_8843377411837968002.csv,20,2,,False,6.508827209472656e-05,3.910064697265625e-05,0,2.5987625122070312e-05
