tableId,rowsToAnalyze,tableSize,subjectColumnIdx,identifiedCorrectly,executionTimeFull,executionTimePure,queryTime,disambiguationTime
84298322_1_8543362646571974060.csv,20,7,,False,0.0002040863037109375,0.00014090538024902344,0,6.318092346191406e-05
34117882_0_3714273916884462264.csv,20,2,,False,0.00016999244689941406,0.00011682510375976562,0,5.316734313964844e-05
12271141_0_213693783755148562.csv,20,29,,False,0.0017590522766113281,0.0014519691467285156,0,0.0003070831298828125
99687188_0_1844204354931842929.csv,20,38,,False,0.002579927444458008,0.002313852310180664,0,0.00026607513427734375
70565309_0_34520180832378985.csv,20,4,0,True,0.0003190040588378906,0.000225067138671875,0,9.393692016601562e-05
28079336_2_2139598421036200532.csv,20,121,,False,0.0008251667022705078,0.0006580352783203125,0,0.0001671314239501953
77526612_0_8961590724422161134.csv,20,5,1,False,0.0004010200500488281,0.00030303001403808594,0,9.799003601074219e-05
32286995_0_428076949991393276.csv,20,5,,False,0.00035309791564941406,0.0002880096435546875,0,6.508827209472656e-05
55961337_0_6548713781034932742.csv,20,44,,False,0.001600027084350586,0.00138092041015625,0,0.00021910667419433594
85627640_0_8469871215145474481.csv,20,7,,False,0.0005600452423095703,0.00047016143798828125,0,8.988380432128906e-05
12187596_5_2670947630490462207.csv,20,15,,False,0.0007870197296142578,0.0006589889526367188,0,0.00012803077697753906
27115185_25_6617652978902760028.csv,20,5,,False,0.0002510547637939453,0.0001938343048095703,0,5.7220458984375e-05
73128332_0_3363347224179898954.csv,20,8,,False,0.00019216537475585938,0.00013709068298339844,0,5.507469177246094e-05
74207889_193_42088949085190649.csv,20,5,,False,0.0002460479736328125,0.00019097328186035156,0,5.507469177246094e-05
82806029_2_7792188988245343457.csv,20,5,,False,0.0002639293670654297,0.00019288063049316406,0,7.104873657226562e-05
17627487_0_7482364338839093515.csv,20,3,,False,0.0002181529998779297,0.00017023086547851562,0,4.792213439941406e-05
63450419_0_8012592961815711786.csv,20,197,,False,0.0005419254302978516,0.0004410743713378906,0,0.00010085105895996094
14007582_0_4628453535445348621.csv,20,4,,False,0.0002758502960205078,0.00021982192993164062,0,5.602836608886719e-05
23362259_0_6423595299295342642.csv,20,4,,False,0.0001690387725830078,0.00011086463928222656,0,5.817413330078125e-05
85266574_1_5749019246018311248.csv,20,10,,False,0.0008270740509033203,0.0007171630859375,0,0.00010991096496582031
59179576_0_7816560732040832274.csv,20,83,,False,0.0024518966674804688,0.002209901809692383,0,0.00024199485778808594
80255499_92_8843377411837968002.csv,20,2,,False,0.00015091896057128906,7.390975952148438e-05,0,7.700920104980469e-05
