tableId,rowsToAnalyze,tableSize,subjectColumnIdx,identifiedCorrectly,executionTimeFull,executionTimePure,queryTime,disambiguationTime
84298322_1_8543362646571974060.csv,20,7,0,True,0.00021409988403320312,0.00015306472778320312,0,6.103515625e-05
34117882_0_3714273916884462264.csv,20,2,0,True,0.00016617774963378906,0.00012111663818359375,0,4.506111145019531e-05
12271141_0_213693783755148562.csv,20,29,,False,0.0017359256744384766,0.0014450550079345703,0,0.00029087066650390625
99687188_0_1844204354931842929.csv,20,38,,False,0.0023040771484375,0.002048015594482422,0,0.0002560615539550781
70565309_0_34520180832378985.csv,20,4,,False,0.0003190040588378906,0.00023984909057617188,0,7.915496826171875e-05
28079336_2_2139598421036200532.csv,20,121,,False,0.0008418560028076172,0.0006868839263916016,0,0.00015497207641601562
77526612_0_8961590724422161134.csv,20,5,0,True,0.0003769397735595703,0.00028777122497558594,0,8.916854858398438e-05
32286995_0_428076949991393276.csv,20,5,0,True,0.0003199577331542969,0.0002598762512207031,0,6.008148193359375e-05
55961337_0_6548713781034932742.csv,20,44,,False,0.0016698837280273438,0.0014688968658447266,0,0.0002009868621826172
85627640_0_8469871215145474481.csv,20,7,0,True,0.0006020069122314453,0.0004990100860595703,0,0.000102996826171875
12187596_5_2670947630490462207.csv,20,15,0,True,0.0008687973022460938,0.000743865966796875,0,0.00012493133544921875
27115185_25_6617652978902760028.csv,20,5,0,True,0.00026798248291015625,0.00020599365234375,0,6.198883056640625e-05
73128332_0_3363347224179898954.csv,20,8,0,True,0.00020694732666015625,0.00015497207641601562,0,5.1975250244140625e-05
74207889_193_42088949085190649.csv,20,5,0,True,0.00025010108947753906,0.00019311904907226562,0,5.698204040527344e-05
82806029_2_7792188988245343457.csv,20,5,0,True,0.00028395652770996094,0.0002110004425048828,0,7.295608520507812e-05
17627487_0_7482364338839093515.csv,20,3,0,True,0.00023508071899414062,0.00018405914306640625,0,5.1021575927734375e-05
63450419_0_8012592961815711786.csv,20,197,,False,0.0006039142608642578,0.0004990100860595703,0,0.0001049041748046875
14007582_0_4628453535445348621.csv,20,4,0,True,0.00028395652770996094,0.00022602081298828125,0,5.793571472167969e-05
23362259_0_6423595299295342642.csv,20,4,0,True,0.0001590251922607422,0.00010800361633300781,0,5.1021575927734375e-05
85266574_1_5749019246018311248.csv,20,10,0,True,0.0007710456848144531,0.0006780624389648438,0,9.298324584960938e-05
59179576_0_7816560732040832274.csv,20,83,,False,0.002590179443359375,0.0023660659790039062,0,0.00022411346435546875
80255499_92_8843377411837968002.csv,20,2,0,True,0.00015592575073242188,9.202957153320312e-05,0,6.389617919921875e-05
