tableId,rowsToAnalyze,tableSize,subjectColumnIdx,identifiedCorrectly,executionTimeFull,executionTimePure,queryTime,disambiguationTime
84298322_1_8543362646571974060.csv,20,7,,False,0.00013399124145507812,8.702278137207031e-05,0,4.696846008300781e-05
34117882_0_3714273916884462264.csv,20,2,,False,0.00010609626770019531,6.818771362304688e-05,0,3.790855407714844e-05
12271141_0_213693783755148562.csv,20,29,,False,0.0012688636779785156,0.0010488033294677734,0,0.0002200603485107422
99687188_0_1844204354931842929.csv,20,38,,False,0.0015761852264404297,0.0014011859893798828,0,0.00017499923706054688
70565309_0_34520180832378985.csv,20,4,,False,0.00019311904907226562,0.00013518333435058594,0,5.793571472167969e-05
28079336_2_2139598421036200532.csv,20,121,,False,0.0005140304565429688,0.0004050731658935547,0,0.00010895729064941406
77526612_0_8961590724422161134.csv,20,5,1,False,0.00022602081298828125,0.000164031982421875,0,6.198883056640625e-05
32286995_0_428076949991393276.csv,20,5,,False,0.0001881122589111328,0.0001499652862548828,0,3.814697265625e-05
55961337_0_6548713781034932742.csv,20,44,,False,0.0009708404541015625,0.0008459091186523438,0,0.00012493133544921875
85627640_0_8469871215145474481.csv,20,7,5,False,0.0003421306610107422,0.00028395652770996094,0,5.817413330078125e-05
12187596_5_2670947630490462207.csv,20,15,,False,0.0004851818084716797,0.00041103363037109375,0,7.414817810058594e-05
27115185_25_6617652978902760028.csv,20,5,,False,0.0001461505889892578,0.00011110305786132812,0,3.504753112792969e-05
73128332_0_3363347224179898954.csv,20,8,,False,0.00011205673217773438,7.796287536621094e-05,0,3.409385681152344e-05
74207889_193_42088949085190649.csv,20,5,,False,0.00014495849609375,0.00011110305786132812,0,3.3855438232421875e-05
82806029_2_7792188988245343457.csv,20,5,2,False,0.0002601146697998047,0.0002040863037109375,0,5.602836608886719e-05
17627487_0_7482364338839093515.csv,20,3,,False,0.00020813941955566406,0.00016427040100097656,0,4.38690185546875e-05
63450419_0_8012592961815711786.csv,20,197,,False,0.0005261898040771484,0.0004291534423828125,0,9.703636169433594e-05
14007582_0_4628453535445348621.csv,20,4,,False,0.00024700164794921875,0.00019598007202148438,0,5.1021575927734375e-05
23362259_0_6423595299295342642.csv,20,4,,False,0.00012803077697753906,8.296966552734375e-05,0,4.506111145019531e-05
85266574_1_5749019246018311248.csv,20,10,,False,0.0007109642028808594,0.0006260871887207031,0,8.487701416015625e-05
59179576_0_7816560732040832274.csv,20,83,,False,0.002231121063232422,0.002009153366088867,0,0.0002219676971435547
80255499_92_8843377411837968002.csv,20,2,,False,8.20159912109375e-05,4.601478576660156e-05,0,3.600120544433594e-05
