tableId,rowsToAnalyze,tableSize,subjectColumnIdx,identifiedCorrectly,executionTimeFull,executionTimePure,queryTime,disambiguationTime
84298322_1_8543362646571974060.csv,20,7,,False,0.00011205673217773438,7.390975952148438e-05,0,3.814697265625e-05
34117882_0_3714273916884462264.csv,20,2,,False,8.702278137207031e-05,6.103515625e-05,0,2.5987625122070312e-05
12271141_0_213693783755148562.csv,20,29,0,True,0.001130819320678711,0.0009369850158691406,0,0.0001938343048095703
99687188_0_1844204354931842929.csv,20,38,,False,0.0014679431915283203,0.0013098716735839844,0,0.00015807151794433594
70565309_0_34520180832378985.csv,20,4,,False,0.00019121170043945312,0.0001342296600341797,0,5.698204040527344e-05
28079336_2_2139598421036200532.csv,20,121,,False,0.0005152225494384766,0.000408172607421875,0,0.00010704994201660156
77526612_0_8961590724422161134.csv,20,5,1,False,0.00022792816162109375,0.00015997886657714844,0,6.794929504394531e-05
32286995_0_428076949991393276.csv,20,5,,False,0.00018405914306640625,0.0001468658447265625,0,3.719329833984375e-05
55961337_0_6548713781034932742.csv,20,44,,False,0.0010237693786621094,0.0008909702301025391,0,0.0001327991485595703
85627640_0_8469871215145474481.csv,20,7,5,False,0.0003459453582763672,0.00028896331787109375,0,5.698204040527344e-05
12187596_5_2670947630490462207.csv,20,15,,False,0.00046896934509277344,0.0004000663757324219,0,6.890296936035156e-05
27115185_25_6617652978902760028.csv,20,5,,False,0.0001461505889892578,0.00011110305786132812,0,3.504753112792969e-05
73128332_0_3363347224179898954.csv,20,8,,False,0.0002567768096923828,0.0001227855682373047,0,0.00013399124145507812
74207889_193_42088949085190649.csv,20,5,,False,0.00018906593322753906,0.00013399124145507812,0,5.507469177246094e-05
82806029_2_7792188988245343457.csv,20,5,1,False,0.00022602081298828125,0.0001468658447265625,0,7.915496826171875e-05
17627487_0_7482364338839093515.csv,20,3,,False,0.00015306472778320312,0.00011301040649414062,0,4.00543212890625e-05
63450419_0_8012592961815711786.csv,20,197,,False,0.0003650188446044922,0.0002930164337158203,0,7.200241088867188e-05
14007582_0_4628453535445348621.csv,20,4,,False,0.00017213821411132812,0.00013303756713867188,0,3.910064697265625e-05
23362259_0_6423595299295342642.csv,20,4,1,False,9.894371032714844e-05,6.4849853515625e-05,0,3.409385681152344e-05
85266574_1_5749019246018311248.csv,20,10,,False,0.0004742145538330078,0.0004131793975830078,0,6.103515625e-05
59179576_0_7816560732040832274.csv,20,83,,False,0.0015311241149902344,0.0013780593872070312,0,0.00015306472778320312
80255499_92_8843377411837968002.csv,20,2,,False,7.295608520507812e-05,4.315376281738281e-05,0,2.9802322387695312e-05
