tableId,rowsToAnalyze,tableSize,subjectColumnIdx,identifiedCorrectly,executionTimeFull,executionTimePure,queryTime,disambiguationTime
84298322_1_8543362646571974060.csv,20,7,,False,0.00011920928955078125,7.915496826171875e-05,0,4.00543212890625e-05
34117882_0_3714273916884462264.csv,20,2,,False,9.298324584960938e-05,6.508827209472656e-05,0,2.7894973754882812e-05
12271141_0_213693783755148562.csv,20,29,0,True,0.0011990070343017578,0.000993967056274414,0,0.00020503997802734375
99687188_0_1844204354931842929.csv,20,38,4,False,0.0015320777893066406,0.0013480186462402344,0,0.00018405914306640625
70565309_0_34520180832378985.csv,20,4,0,True,0.00020003318786621094,0.0001430511474609375,0,5.698204040527344e-05
28079336_2_2139598421036200532.csv,20,121,,False,0.0004971027374267578,0.00038909912109375,0,0.00010800361633300781
77526612_0_8961590724422161134.csv,20,5,1,False,0.0002219676971435547,0.0001609325408935547,0,6.103515625e-05
32286995_0_428076949991393276.csv,20,5,,False,0.0001850128173828125,0.0001480579376220703,0,3.695487976074219e-05
55961337_0_6548713781034932742.csv,20,44,,False,0.001027822494506836,0.0009009838104248047,0,0.00012683868408203125
85627640_0_8469871215145474481.csv,20,7,5,False,0.00034499168395996094,0.0002849102020263672,0,6.008148193359375e-05
12187596_5_2670947630490462207.csv,20,15,,False,0.0004718303680419922,0.0004019737243652344,0,6.985664367675781e-05
27115185_25_6617652978902760028.csv,20,5,,False,0.00019097328186035156,0.00012803077697753906,0,6.29425048828125e-05
73128332_0_3363347224179898954.csv,20,8,,False,0.00012087821960449219,8.392333984375e-05,0,3.695487976074219e-05
74207889_193_42088949085190649.csv,20,5,,False,0.00023508071899414062,0.0001800060272216797,0,5.507469177246094e-05
82806029_2_7792188988245343457.csv,20,5,2,False,0.00020313262939453125,0.00015115737915039062,0,5.1975250244140625e-05
17627487_0_7482364338839093515.csv,20,3,,False,0.00017905235290527344,0.0001418590545654297,0,3.719329833984375e-05
63450419_0_8012592961815711786.csv,20,197,,False,0.0004839897155761719,0.0003669261932373047,0,0.00011706352233886719
14007582_0_4628453535445348621.csv,20,4,,False,0.00023794174194335938,0.0001990795135498047,0,3.886222839355469e-05
23362259_0_6423595299295342642.csv,20,4,,False,0.00015020370483398438,9.608268737792969e-05,0,5.412101745605469e-05
85266574_1_5749019246018311248.csv,20,10,,False,0.0005600452423095703,0.0004620552062988281,0,9.799003601074219e-05
59179576_0_7816560732040832274.csv,20,83,,False,0.0016901493072509766,0.0015361309051513672,0,0.00015401840209960938
80255499_92_8843377411837968002.csv,20,2,,False,8.0108642578125e-05,4.6253204345703125e-05,0,3.3855438232421875e-05
