tableId,rowsToAnalyze,tableSize,subjectColumnIdx,identifiedCorrectly,executionTimeFull,executionTimePure,queryTime,disambiguationTime
84298322_1_8543362646571974060.csv,20,7,,False,0.00018405914306640625,0.00012826919555664062,0,5.5789947509765625e-05
34117882_0_3714273916884462264.csv,20,2,,False,0.00017595291137695312,0.00011610984802246094,0,5.984306335449219e-05
12271141_0_213693783755148562.csv,20,29,,False,0.001611948013305664,0.001341104507446289,0,0.000270843505859375
99687188_0_1844204354931842929.csv,20,38,,False,0.0024530887603759766,0.002195119857788086,0,0.0002579689025878906
70565309_0_34520180832378985.csv,20,4,0,True,0.00035691261291503906,0.00024890899658203125,0,0.00010800361633300781
28079336_2_2139598421036200532.csv,20,121,,False,0.0008959770202636719,0.0007100105285644531,0,0.00018596649169921875
77526612_0_8961590724422161134.csv,20,5,1,False,0.0004258155822753906,0.0003178119659423828,0,0.00010800361633300781
32286995_0_428076949991393276.csv,20,5,,False,0.00033783912658691406,0.00026679039001464844,0,7.104873657226562e-05
55961337_0_6548713781034932742.csv,20,44,,False,0.0016520023345947266,0.0014431476593017578,0,0.00020885467529296875
85627640_0_8469871215145474481.csv,20,7,,False,0.0005819797515869141,0.0004830360412597656,0,9.894371032714844e-05
12187596_5_2670947630490462207.csv,20,15,,False,0.0007650852203369141,0.0006530284881591797,0,0.00011205673217773438
27115185_25_6617652978902760028.csv,20,5,,False,0.00024580955505371094,0.00018978118896484375,0,5.602836608886719e-05
73128332_0_3363347224179898954.csv,20,8,,False,0.00019311904907226562,0.00013709068298339844,0,5.602836608886719e-05
74207889_193_42088949085190649.csv,20,5,,False,0.00023698806762695312,0.00018286705017089844,0,5.412101745605469e-05
82806029_2_7792188988245343457.csv,20,5,,False,0.00025391578674316406,0.0001850128173828125,0,6.890296936035156e-05
17627487_0_7482364338839093515.csv,20,3,,False,0.00021600723266601562,0.00016498565673828125,0,5.1021575927734375e-05
63450419_0_8012592961815711786.csv,20,197,,False,0.0005660057067871094,0.0004680156707763672,0,9.799003601074219e-05
14007582_0_4628453535445348621.csv,20,4,,False,0.0002579689025878906,0.00020194053649902344,0,5.602836608886719e-05
23362259_0_6423595299295342642.csv,20,4,,False,0.00015807151794433594,0.00010895729064941406,0,4.9114227294921875e-05
85266574_1_5749019246018311248.csv,20,10,,False,0.0007731914520263672,0.0006740093231201172,0,9.918212890625e-05
59179576_0_7816560732040832274.csv,20,83,,False,0.0024139881134033203,0.002187013626098633,0,0.0002269744873046875
80255499_92_8843377411837968002.csv,20,2,,False,0.00011897087097167969,7.486343383789062e-05,0,4.410743713378906e-05
