tableId,rowsToAnalyze,tableSize,subjectColumnIdx,identifiedCorrectly,executionTimeFull,executionTimePure,queryTime,disambiguationTime
84298322_1_8543362646571974060.csv,20,7,,False,0.00014901161193847656,9.083747863769531e-05,0,5.817413330078125e-05
34117882_0_3714273916884462264.csv,20,2,,False,0.00010585784912109375,6.985664367675781e-05,0,3.600120544433594e-05
12271141_0_213693783755148562.csv,20,29,1,False,0.0012929439544677734,0.0010678768157958984,0,0.000225067138671875
99687188_0_1844204354931842929.csv,20,38,,False,0.0015549659729003906,0.0013821125030517578,0,0.0001728534698486328
70565309_0_34520180832378985.csv,20,4,0,True,0.000247955322265625,0.0001678466796875,0,8.0108642578125e-05
28079336_2_2139598421036200532.csv,20,121,,False,0.0005440711975097656,0.0004169940948486328,0,0.0001270771026611328
77526612_0_8961590724422161134.csv,20,5,1,False,0.000247955322265625,0.00017499923706054688,0,7.295608520507812e-05
32286995_0_428076949991393276.csv,20,5,,False,0.00018715858459472656,0.0001480579376220703,0,3.910064697265625e-05
55961337_0_6548713781034932742.csv,20,44,,False,0.00102996826171875,0.0009031295776367188,0,0.00012683868408203125
85627640_0_8469871215145474481.csv,20,7,,False,0.0003349781036376953,0.0002760887145996094,0,5.888938903808594e-05
12187596_5_2670947630490462207.csv,20,15,,False,0.0005807876586914062,0.0004858970642089844,0,9.489059448242188e-05
27115185_25_6617652978902760028.csv,20,5,,False,0.00018405914306640625,0.00013494491577148438,0,4.9114227294921875e-05
73128332_0_3363347224179898954.csv,20,8,,False,0.00015807151794433594,0.00011396408081054688,0,4.410743713378906e-05
74207889_193_42088949085190649.csv,20,5,,False,0.00015115737915039062,0.00011301040649414062,0,3.814697265625e-05
82806029_2_7792188988245343457.csv,20,5,,False,0.00019502639770507812,0.0001308917999267578,0,6.413459777832031e-05
17627487_0_7482364338839093515.csv,20,3,,False,0.00013208389282226562,9.989738464355469e-05,0,3.218650817871094e-05
63450419_0_8012592961815711786.csv,20,197,,False,0.00037097930908203125,0.0003077983856201172,0,6.318092346191406e-05
14007582_0_4628453535445348621.csv,20,4,,False,0.00017905235290527344,0.0001270771026611328,0,5.1975250244140625e-05
23362259_0_6423595299295342642.csv,20,4,,False,8.797645568847656e-05,5.602836608886719e-05,0,3.1948089599609375e-05
85266574_1_5749019246018311248.csv,20,10,,False,0.00048279762268066406,0.0004239082336425781,0,5.888938903808594e-05
59179576_0_7816560732040832274.csv,20,83,,False,0.0015399456024169922,0.0013840198516845703,0,0.00015592575073242188
80255499_92_8843377411837968002.csv,20,2,,False,7.295608520507812e-05,4.291534423828125e-05,0,3.0040740966796875e-05
