tableId,rowsToAnalyze,tableSize,subjectColumnIdx,identifiedCorrectly,executionTimeFull,executionTimePure,queryTime,disambiguationTime
84298322_1_8543362646571974060.csv,20,7,,False,0.00012612342834472656,8.106231689453125e-05,0,4.506111145019531e-05
34117882_0_3714273916884462264.csv,20,2,,False,9.584426879882812e-05,6.604194641113281e-05,0,2.9802322387695312e-05
12271141_0_213693783755148562.csv,20,29,0,True,0.0012359619140625,0.0010190010070800781,0,0.00021696090698242188
99687188_0_1844204354931842929.csv,20,38,4,False,0.00156402587890625,0.0013949871063232422,0,0.0001690387725830078
70565309_0_34520180832378985.csv,20,4,0,True,0.00020384788513183594,0.00014400482177734375,0,5.984306335449219e-05
28079336_2_2139598421036200532.csv,20,121,,False,0.0005259513854980469,0.0004119873046875,0,0.00011396408081054688
77526612_0_8961590724422161134.csv,20,5,1,False,0.00023603439331054688,0.00017189979553222656,0,6.413459777832031e-05
32286995_0_428076949991393276.csv,20,5,,False,0.00019788742065429688,0.00014781951904296875,0,5.0067901611328125e-05
55961337_0_6548713781034932742.csv,20,44,,False,0.0009608268737792969,0.0008349418640136719,0,0.000125885009765625
85627640_0_8469871215145474481.csv,20,7,5,False,0.00034308433532714844,0.0002841949462890625,0,5.888938903808594e-05
12187596_5_2670947630490462207.csv,20,15,,False,0.0005049705505371094,0.00043582916259765625,0,6.914138793945312e-05
27115185_25_6617652978902760028.csv,20,5,,False,0.0001690387725830078,0.00013303756713867188,0,3.600120544433594e-05
73128332_0_3363347224179898954.csv,20,8,,False,0.00013303756713867188,9.512901306152344e-05,0,3.790855407714844e-05
74207889_193_42088949085190649.csv,20,5,,False,0.00014781951904296875,0.00011181831359863281,0,3.600120544433594e-05
82806029_2_7792188988245343457.csv,20,5,,False,0.00015997886657714844,0.00011396408081054688,0,4.601478576660156e-05
17627487_0_7482364338839093515.csv,20,3,,False,0.00013184547424316406,0.00010085105895996094,0,3.0994415283203125e-05
63450419_0_8012592961815711786.csv,20,197,,False,0.0003211498260498047,0.0002579689025878906,0,6.318092346191406e-05
14007582_0_4628453535445348621.csv,20,4,,False,0.0001590251922607422,0.0001239776611328125,0,3.504753112792969e-05
23362259_0_6423595299295342642.csv,20,4,,False,8.487701416015625e-05,5.3882598876953125e-05,0,3.0994415283203125e-05
85266574_1_5749019246018311248.csv,20,10,,False,0.0005140304565429688,0.00044989585876464844,0,6.413459777832031e-05
59179576_0_7816560732040832274.csv,20,83,,False,0.008620977401733398,0.008476018905639648,0,0.00014495849609375
80255499_92_8843377411837968002.csv,20,2,,False,7.700920104980469e-05,4.506111145019531e-05,0,3.1948089599609375e-05
