tableId,rowsToAnalyze,tableSize,subjectColumnIdx,identifiedCorrectly,executionTimeFull,executionTimePure,queryTime,disambiguationTime
84298322_1_8543362646571974060.csv,20,7,0,True,0.00020194053649902344,0.00014400482177734375,0,5.793571472167969e-05
34117882_0_3714273916884462264.csv,20,2,0,True,0.0001499652862548828,0.00010895729064941406,0,4.100799560546875e-05
12271141_0_213693783755148562.csv,20,29,0,True,0.0017969608306884766,0.0015118122100830078,0,0.00028514862060546875
99687188_0_1844204354931842929.csv,20,38,0,True,0.002579927444458008,0.0022449493408203125,0,0.0003349781036376953
70565309_0_34520180832378985.csv,20,4,0,True,0.0003540515899658203,0.0002460479736328125,0,0.00010800361633300781
28079336_2_2139598421036200532.csv,20,121,0,True,0.0009348392486572266,0.0007510185241699219,0,0.0001838207244873047
77526612_0_8961590724422161134.csv,20,5,0,True,0.00039005279541015625,0.0002880096435546875,0,0.00010204315185546875
32286995_0_428076949991393276.csv,20,5,0,True,0.0003528594970703125,0.00028395652770996094,0,6.890296936035156e-05
55961337_0_6548713781034932742.csv,20,44,0,True,0.0016300678253173828,0.0014200210571289062,0,0.00021004676818847656
85627640_0_8469871215145474481.csv,20,7,0,True,0.0005559921264648438,0.0004601478576660156,0,9.584426879882812e-05
12187596_5_2670947630490462207.csv,20,15,0,True,0.0008280277252197266,0.0007259845733642578,0,0.00010204315185546875
27115185_25_6617652978902760028.csv,20,5,0,True,0.00024199485778808594,0.00018787384033203125,0,5.412101745605469e-05
73128332_0_3363347224179898954.csv,20,8,0,True,0.00021195411682128906,0.00014781951904296875,0,6.413459777832031e-05
74207889_193_42088949085190649.csv,20,5,0,True,0.00026798248291015625,0.00020694732666015625,0,6.103515625e-05
82806029_2_7792188988245343457.csv,20,5,0,True,0.00028586387634277344,0.00019478797912597656,0,9.107589721679688e-05
17627487_0_7482364338839093515.csv,20,3,0,True,0.00022101402282714844,0.00017380714416503906,0,4.7206878662109375e-05
63450419_0_8012592961815711786.csv,20,197,0,True,0.0005600452423095703,0.0004639625549316406,0,9.608268737792969e-05
14007582_0_4628453535445348621.csv,20,4,0,True,0.0002739429473876953,0.0002110004425048828,0,6.29425048828125e-05
23362259_0_6423595299295342642.csv,20,4,0,True,0.0001461505889892578,9.703636169433594e-05,0,4.9114227294921875e-05
85266574_1_5749019246018311248.csv,20,10,0,True,0.0009698867797851562,0.0008678436279296875,0,0.00010204315185546875
59179576_0_7816560732040832274.csv,20,83,0,True,0.002877950668334961,0.002574920654296875,0,0.00030303001403808594
80255499_92_8843377411837968002.csv,20,2,0,True,0.0001499652862548828,9.298324584960938e-05,0,5.698204040527344e-05
