tableId,rowsToAnalyze,tableSize,subjectColumnIdx,identifiedCorrectly,executionTimeFull,executionTimePure,queryTime,disambiguationTime
84298322_1_8543362646571974060.csv,20,7,0,True,0.00011205673217773438,7.390975952148438e-05,0,3.814697265625e-05
34117882_0_3714273916884462264.csv,20,2,0,True,0.00010418891906738281,7.796287536621094e-05,0,2.6226043701171875e-05
12271141_0_213693783755148562.csv,20,29,0,True,0.001171112060546875,0.0009639263153076172,0,0.0002071857452392578
99687188_0_1844204354931842929.csv,20,38,0,True,0.0014960765838623047,0.0013260841369628906,0,0.00016999244689941406
70565309_0_34520180832378985.csv,20,4,0,True,0.00020003318786621094,0.00014209747314453125,0,5.793571472167969e-05
28079336_2_2139598421036200532.csv,20,121,0,True,0.0005178451538085938,0.0004069805145263672,0,0.00011086463928222656
77526612_0_8961590724422161134.csv,20,5,0,True,0.0002300739288330078,0.0001659393310546875,0,6.413459777832031e-05
32286995_0_428076949991393276.csv,20,5,0,True,0.0002090930938720703,0.00016307830810546875,0,4.601478576660156e-05
55961337_0_6548713781034932742.csv,20,44,0,True,0.0010869503021240234,0.0009479522705078125,0,0.00013899803161621094
85627640_0_8469871215145474481.csv,20,7,0,True,0.00043201446533203125,0.000347137451171875,0,8.487701416015625e-05
12187596_5_2670947630490462207.csv,20,15,0,True,0.0005970001220703125,0.0004878044128417969,0,0.00010919570922851562
27115185_25_6617652978902760028.csv,20,5,0,True,0.0001728534698486328,0.00012493133544921875,0,4.792213439941406e-05
73128332_0_3363347224179898954.csv,20,8,0,True,0.00014901161193847656,0.00011014938354492188,0,3.886222839355469e-05
74207889_193_42088949085190649.csv,20,5,0,True,0.00015592575073242188,0.00011897087097167969,0,3.695487976074219e-05
82806029_2_7792188988245343457.csv,20,5,0,True,0.00016689300537109375,0.00011777877807617188,0,4.9114227294921875e-05
17627487_0_7482364338839093515.csv,20,3,0,True,0.0001380443572998047,0.00010609626770019531,0,3.1948089599609375e-05
63450419_0_8012592961815711786.csv,20,197,0,True,0.0003371238708496094,0.0002720355987548828,0,6.508827209472656e-05
14007582_0_4628453535445348621.csv,20,4,0,True,0.00016689300537109375,0.0001308917999267578,0,3.600120544433594e-05
23362259_0_6423595299295342642.csv,20,4,0,True,8.797645568847656e-05,5.602836608886719e-05,0,3.1948089599609375e-05
85266574_1_5749019246018311248.csv,20,10,0,True,0.0004639625549316406,0.00040411949157714844,0,5.984306335449219e-05
59179576_0_7816560732040832274.csv,20,83,0,True,0.00150299072265625,0.0013511180877685547,0,0.0001518726348876953
80255499_92_8843377411837968002.csv,20,2,0,True,6.604194641113281e-05,4.00543212890625e-05,0,2.5987625122070312e-05
