tableId,rowsToAnalyze,tableSize,subjectColumnIdx,identifiedCorrectly,executionTimeFull,executionTimePure,queryTime,disambiguationTime
84298322_1_8543362646571974060.csv,20,7,0,True,0.00012493133544921875,8.106231689453125e-05,0,4.38690185546875e-05
34117882_0_3714273916884462264.csv,20,2,0,True,9.608268737792969e-05,6.699562072753906e-05,0,2.9087066650390625e-05
12271141_0_213693783755148562.csv,20,29,0,True,0.0012159347534179688,0.0010058879852294922,0,0.00021004676818847656
99687188_0_1844204354931842929.csv,20,38,0,True,0.001461029052734375,0.0013020038604736328,0,0.0001590251922607422
70565309_0_34520180832378985.csv,20,4,0,True,0.000225067138671875,0.0001552104949951172,0,6.985664367675781e-05
28079336_2_2139598421036200532.csv,20,121,0,True,0.0004990100860595703,0.00039196014404296875,0,0.00010704994201660156
77526612_0_8961590724422161134.csv,20,5,0,True,0.00023794174194335938,0.00017690658569335938,0,6.103515625e-05
32286995_0_428076949991393276.csv,20,5,0,True,0.00020313262939453125,0.00015115737915039062,0,5.1975250244140625e-05
55961337_0_6548713781034932742.csv,20,44,0,True,0.001013040542602539,0.0008871555328369141,0,0.000125885009765625
85627640_0_8469871215145474481.csv,20,7,0,True,0.0003609657287597656,0.0002968311309814453,0,6.413459777832031e-05
12187596_5_2670947630490462207.csv,20,15,0,True,0.0005090236663818359,0.0004329681396484375,0,7.605552673339844e-05
27115185_25_6617652978902760028.csv,20,5,0,True,0.0001590251922607422,0.00012111663818359375,0,3.790855407714844e-05
73128332_0_3363347224179898954.csv,20,8,0,True,0.0001227855682373047,8.487701416015625e-05,0,3.790855407714844e-05
74207889_193_42088949085190649.csv,20,5,0,True,0.00015878677368164062,0.00012087821960449219,0,3.790855407714844e-05
82806029_2_7792188988245343457.csv,20,5,0,True,0.0001709461212158203,0.00012087821960449219,0,5.0067901611328125e-05
17627487_0_7482364338839093515.csv,20,3,0,True,0.0001418590545654297,0.00010895729064941406,0,3.2901763916015625e-05
63450419_0_8012592961815711786.csv,20,197,0,True,0.0003688335418701172,0.0003008842468261719,0,6.794929504394531e-05
14007582_0_4628453535445348621.csv,20,4,0,True,0.0001621246337890625,0.0001270771026611328,0,3.504753112792969e-05
23362259_0_6423595299295342642.csv,20,4,0,True,8.58306884765625e-05,5.3882598876953125e-05,0,3.1948089599609375e-05
85266574_1_5749019246018311248.csv,20,10,0,True,0.0007951259613037109,0.000698089599609375,0,9.703636169433594e-05
59179576_0_7816560732040832274.csv,20,83,0,True,0.0019252300262451172,0.0016903877258300781,0,0.00023484230041503906
80255499_92_8843377411837968002.csv,20,2,0,True,7.200241088867188e-05,4.291534423828125e-05,0,2.9087066650390625e-05
