tableId,rowsToAnalyze,tableSize,subjectColumnIdx,identifiedCorrectly,executionTimeFull,executionTimePure,queryTime,disambiguationTime
84298322_1_8543362646571974060.csv,20,7,,False,0.0001220703125,7.915496826171875e-05,0,4.291534423828125e-05
34117882_0_3714273916884462264.csv,20,2,,False,0.00010204315185546875,6.198883056640625e-05,0,4.00543212890625e-05
12271141_0_213693783755148562.csv,20,29,,False,0.0011081695556640625,0.0009131431579589844,0,0.00019502639770507812
99687188_0_1844204354931842929.csv,20,38,,False,0.0014050006866455078,0.0012481212615966797,0,0.00015687942504882812
70565309_0_34520180832378985.csv,20,4,0,True,0.0003478527069091797,0.00019407272338867188,0,0.0001537799835205078
28079336_2_2139598421036200532.csv,20,121,,False,0.0006191730499267578,0.0004773139953613281,0,0.0001418590545654297
77526612_0_8961590724422161134.csv,20,5,1,False,0.00025200843811035156,0.0001800060272216797,0,7.200241088867188e-05
32286995_0_428076949991393276.csv,20,5,,False,0.00020503997802734375,0.0001621246337890625,0,4.291534423828125e-05
55961337_0_6548713781034932742.csv,20,44,,False,0.0010409355163574219,0.000904083251953125,0,0.00013685226440429688
85627640_0_8469871215145474481.csv,20,7,,False,0.0003628730773925781,0.0002999305725097656,0,6.29425048828125e-05
12187596_5_2670947630490462207.csv,20,15,,False,0.0005009174346923828,0.00042700767517089844,0,7.390975952148438e-05
27115185_25_6617652978902760028.csv,20,5,,False,0.0001571178436279297,0.00011897087097167969,0,3.814697265625e-05
73128332_0_3363347224179898954.csv,20,8,,False,0.00011897087097167969,8.296966552734375e-05,0,3.600120544433594e-05
74207889_193_42088949085190649.csv,20,5,,False,0.00014591217041015625,0.00011110305786132812,0,3.4809112548828125e-05
82806029_2_7792188988245343457.csv,20,5,,False,0.0002079010009765625,0.00015211105346679688,0,5.5789947509765625e-05
17627487_0_7482364338839093515.csv,20,3,,False,0.00013017654418945312,9.918212890625e-05,0,3.0994415283203125e-05
63450419_0_8012592961815711786.csv,20,197,,False,0.0003578662872314453,0.0002968311309814453,0,6.103515625e-05
14007582_0_4628453535445348621.csv,20,4,,False,0.00017189979553222656,0.00013685226440429688,0,3.504753112792969e-05
23362259_0_6423595299295342642.csv,20,4,,False,8.893013000488281e-05,5.698204040527344e-05,0,3.1948089599609375e-05
85266574_1_5749019246018311248.csv,20,10,,False,0.0004680156707763672,0.000408172607421875,0,5.984306335449219e-05
59179576_0_7816560732040832274.csv,20,83,,False,0.0015518665313720703,0.0013990402221679688,0,0.00015282630920410156
80255499_92_8843377411837968002.csv,20,2,,False,7.486343383789062e-05,4.38690185546875e-05,0,3.0994415283203125e-05
