tableId,rowsToAnalyze,tableSize,subjectColumnIdx,identifiedCorrectly,executionTimeFull,executionTimePure,queryTime,disambiguationTime
84298322_1_8543362646571974060.csv,20,7,0,True,0.0002200603485107422,0.00015497207641601562,0,6.508827209472656e-05
34117882_0_3714273916884462264.csv,20,2,0,True,0.00016808509826660156,0.0001220703125,0,4.601478576660156e-05
12271141_0_213693783755148562.csv,20,29,0,True,0.0017099380493164062,0.0014081001281738281,0,0.0003018379211425781
99687188_0_1844204354931842929.csv,20,38,,False,0.002547025680541992,0.0023021697998046875,0,0.0002448558807373047
70565309_0_34520180832378985.csv,20,4,0,True,0.0003249645233154297,0.00022912025451660156,0,9.584426879882812e-05
28079336_2_2139598421036200532.csv,20,121,,False,0.000946044921875,0.0007600784301757812,0,0.00018596649169921875
77526612_0_8961590724422161134.csv,20,5,0,True,0.00038886070251464844,0.0002899169921875,0,9.894371032714844e-05
32286995_0_428076949991393276.csv,20,5,0,True,0.00035309791564941406,0.00028514862060546875,0,6.794929504394531e-05
55961337_0_6548713781034932742.csv,20,44,0,True,0.0016639232635498047,0.0014529228210449219,0,0.0002110004425048828
85627640_0_8469871215145474481.csv,20,7,0,True,0.0006260871887207031,0.000537872314453125,0,8.821487426757812e-05
12187596_5_2670947630490462207.csv,20,15,0,True,0.0008299350738525391,0.0007119178771972656,0,0.00011801719665527344
27115185_25_6617652978902760028.csv,20,5,0,True,0.00023889541625976562,0.00018787384033203125,0,5.1021575927734375e-05
73128332_0_3363347224179898954.csv,20,8,0,True,0.00019693374633789062,0.00014591217041015625,0,5.1021575927734375e-05
74207889_193_42088949085190649.csv,20,5,0,True,0.0002570152282714844,0.00020503997802734375,0,5.1975250244140625e-05
82806029_2_7792188988245343457.csv,20,5,0,True,0.0002551078796386719,0.00018906593322753906,0,6.604194641113281e-05
17627487_0_7482364338839093515.csv,20,3,0,True,0.0002219676971435547,0.00016808509826660156,0,5.3882598876953125e-05
63450419_0_8012592961815711786.csv,20,197,,False,0.0006189346313476562,0.0005209445953369141,0,9.799003601074219e-05
14007582_0_4628453535445348621.csv,20,4,0,True,0.0003600120544433594,0.00030112266540527344,0,5.888938903808594e-05
23362259_0_6423595299295342642.csv,20,4,0,True,0.0001499652862548828,0.00010204315185546875,0,4.792213439941406e-05
85266574_1_5749019246018311248.csv,20,10,0,True,0.0007748603820800781,0.0006818771362304688,0,9.298324584960938e-05
59179576_0_7816560732040832274.csv,20,83,,False,0.002628803253173828,0.002399921417236328,0,0.0002288818359375
80255499_92_8843377411837968002.csv,20,2,0,True,0.000141143798828125,8.702278137207031e-05,0,5.412101745605469e-05
