tableId,rowsToAnalyze,tableSize,subjectColumnIdx,identifiedCorrectly,executionTimeFull,executionTimePure,queryTime,disambiguationTime
84298322_1_8543362646571974060.csv,20,7,,False,0.00011515617370605469,7.62939453125e-05,0,3.886222839355469e-05
34117882_0_3714273916884462264.csv,20,2,,False,8.893013000488281e-05,6.198883056640625e-05,0,2.6941299438476562e-05
12271141_0_213693783755148562.csv,20,29,0,True,0.0011839866638183594,0.0009899139404296875,0,0.00019407272338867188
99687188_0_1844204354931842929.csv,20,38,4,False,0.0014789104461669922,0.0013179779052734375,0,0.0001609325408935547
70565309_0_34520180832378985.csv,20,4,0,True,0.0001900196075439453,0.00013399124145507812,0,5.602836608886719e-05
28079336_2_2139598421036200532.csv,20,121,,False,0.0005190372467041016,0.0004119873046875,0,0.00010704994201660156
77526612_0_8961590724422161134.csv,20,5,1,False,0.0002200603485107422,0.00015997886657714844,0,6.008148193359375e-05
32286995_0_428076949991393276.csv,20,5,,False,0.0001850128173828125,0.0001480579376220703,0,3.695487976074219e-05
55961337_0_6548713781034932742.csv,20,44,,False,0.0009908676147460938,0.0008549690246582031,0,0.00013589859008789062
85627640_0_8469871215145474481.csv,20,7,5,False,0.000370025634765625,0.0002989768981933594,0,7.104873657226562e-05
12187596_5_2670947630490462207.csv,20,15,,False,0.0004909038543701172,0.0004229545593261719,0,6.794929504394531e-05
27115185_25_6617652978902760028.csv,20,5,,False,0.00015592575073242188,0.00011897087097167969,0,3.695487976074219e-05
73128332_0_3363347224179898954.csv,20,8,,False,0.00011897087097167969,8.296966552734375e-05,0,3.600120544433594e-05
74207889_193_42088949085190649.csv,20,5,,False,0.0001800060272216797,0.0001289844512939453,0,5.1021575927734375e-05
82806029_2_7792188988245343457.csv,20,5,,False,0.0001709461212158203,0.00012087821960449219,0,5.0067901611328125e-05
17627487_0_7482364338839093515.csv,20,3,,False,0.0001399517059326172,0.00010704994201660156,0,3.2901763916015625e-05
63450419_0_8012592961815711786.csv,20,197,,False,0.0003399848937988281,0.0002739429473876953,0,6.604194641113281e-05
14007582_0_4628453535445348621.csv,20,4,,False,0.0001690387725830078,0.00013208389282226562,0,3.695487976074219e-05
23362259_0_6423595299295342642.csv,20,4,,False,8.893013000488281e-05,5.602836608886719e-05,0,3.2901763916015625e-05
85266574_1_5749019246018311248.csv,20,10,,False,0.0005450248718261719,0.0004849433898925781,0,6.008148193359375e-05
59179576_0_7816560732040832274.csv,20,83,,False,0.0015659332275390625,0.001413106918334961,0,0.00015282630920410156
80255499_92_8843377411837968002.csv,20,2,,False,7.82012939453125e-05,4.506111145019531e-05,0,3.314018249511719e-05
