tableId,rowsToAnalyze,tableSize,subjectColumnIdx,identifiedCorrectly,executionTimeFull,executionTimePure,queryTime,disambiguationTime
84298322_1_8543362646571974060.csv,20,7,,False,0.00011491775512695312,7.510185241699219e-05,0,3.981590270996094e-05
34117882_0_3714273916884462264.csv,20,2,,False,8.988380432128906e-05,6.29425048828125e-05,0,2.6941299438476562e-05
12271141_0_213693783755148562.csv,20,29,,False,0.0011949539184570312,0.0009958744049072266,0,0.0001990795135498047
99687188_0_1844204354931842929.csv,20,38,,False,0.0015070438385009766,0.0013141632080078125,0,0.00019288063049316406
70565309_0_34520180832378985.csv,20,4,,False,0.0002028942108154297,0.00014281272888183594,0,6.008148193359375e-05
28079336_2_2139598421036200532.csv,20,121,,False,0.0005269050598144531,0.00041294097900390625,0,0.00011396408081054688
77526612_0_8961590724422161134.csv,20,5,1,False,0.00024008750915527344,0.00017404556274414062,0,6.604194641113281e-05
32286995_0_428076949991393276.csv,20,5,,False,0.00020599365234375,0.00016689300537109375,0,3.910064697265625e-05
55961337_0_6548713781034932742.csv,20,44,,False,0.0010030269622802734,0.0008599758148193359,0,0.0001430511474609375
85627640_0_8469871215145474481.csv,20,7,5,False,0.0003490447998046875,0.0002880096435546875,0,6.103515625e-05
12187596_5_2670947630490462207.csv,20,15,,False,0.000476837158203125,0.0004048347473144531,0,7.200241088867188e-05
27115185_25_6617652978902760028.csv,20,5,,False,0.0001499652862548828,0.00011301040649414062,0,3.695487976074219e-05
73128332_0_3363347224179898954.csv,20,8,,False,0.00011515617370605469,7.915496826171875e-05,0,3.600120544433594e-05
74207889_193_42088949085190649.csv,20,5,,False,0.0001621246337890625,0.00011420249938964844,0,4.792213439941406e-05
82806029_2_7792188988245343457.csv,20,5,2,False,0.0001819133758544922,0.00013303756713867188,0,4.887580871582031e-05
17627487_0_7482364338839093515.csv,20,3,,False,0.00012993812561035156,9.989738464355469e-05,0,3.0040740966796875e-05
63450419_0_8012592961815711786.csv,20,197,,False,0.0003159046173095703,0.00025391578674316406,0,6.198883056640625e-05
14007582_0_4628453535445348621.csv,20,4,,False,0.00016808509826660156,0.00013113021850585938,0,3.695487976074219e-05
23362259_0_6423595299295342642.csv,20,4,,False,9.202957153320312e-05,6.198883056640625e-05,0,3.0040740966796875e-05
85266574_1_5749019246018311248.csv,20,10,,False,0.00047588348388671875,0.00041604042053222656,0,5.984306335449219e-05
59179576_0_7816560732040832274.csv,20,83,,False,0.002457857131958008,0.0022230148315429688,0,0.00023484230041503906
80255499_92_8843377411837968002.csv,20,2,,False,9.989738464355469e-05,6.198883056640625e-05,0,3.790855407714844e-05
