tableId,rowsToAnalyze,tableSize,subjectColumnIdx,identifiedCorrectly,executionTimeFull,executionTimePure,queryTime,disambiguationTime
84298322_1_8543362646571974060.csv,20,7,,False,0.0001380443572998047,9.012222290039062e-05,0,4.792213439941406e-05
34117882_0_3714273916884462264.csv,20,2,,False,0.00010800361633300781,7.200241088867188e-05,0,3.600120544433594e-05
12271141_0_213693783755148562.csv,20,29,,False,0.0014240741729736328,0.0011930465698242188,0,0.00023102760314941406
99687188_0_1844204354931842929.csv,20,38,,False,0.0017628669738769531,0.0015599727630615234,0,0.0002028942108154297
70565309_0_34520180832378985.csv,20,4,0,True,0.0002200603485107422,0.00015211105346679688,0,6.794929504394531e-05
28079336_2_2139598421036200532.csv,20,121,,False,0.0005428791046142578,0.0004279613494873047,0,0.00011491775512695312
77526612_0_8961590724422161134.csv,20,5,1,False,0.0002751350402832031,0.00019121170043945312,0,8.392333984375e-05
32286995_0_428076949991393276.csv,20,5,,False,0.00020003318786621094,0.00015807151794433594,0,4.1961669921875e-05
55961337_0_6548713781034932742.csv,20,44,,False,0.001024007797241211,0.000888824462890625,0,0.00013518333435058594
85627640_0_8469871215145474481.csv,20,7,,False,0.0003540515899658203,0.00029206275939941406,0,6.198883056640625e-05
12187596_5_2670947630490462207.csv,20,15,,False,0.0005021095275878906,0.00042700767517089844,0,7.510185241699219e-05
27115185_25_6617652978902760028.csv,20,5,,False,0.00015592575073242188,0.00011897087097167969,0,3.695487976074219e-05
73128332_0_3363347224179898954.csv,20,8,,False,0.00011992454528808594,8.392333984375e-05,0,3.600120544433594e-05
74207889_193_42088949085190649.csv,20,5,,False,0.00015497207641601562,0.00011897087097167969,0,3.600120544433594e-05
82806029_2_7792188988245343457.csv,20,5,,False,0.00017786026000976562,0.00012183189392089844,0,5.602836608886719e-05
17627487_0_7482364338839093515.csv,20,3,,False,0.0001289844512939453,9.894371032714844e-05,0,3.0040740966796875e-05
63450419_0_8012592961815711786.csv,20,197,,False,0.0003230571746826172,0.0002620220184326172,0,6.103515625e-05
14007582_0_4628453535445348621.csv,20,4,,False,0.0001678466796875,0.00013184547424316406,0,3.600120544433594e-05
23362259_0_6423595299295342642.csv,20,4,,False,8.320808410644531e-05,5.1975250244140625e-05,0,3.123283386230469e-05
85266574_1_5749019246018311248.csv,20,10,,False,0.00043487548828125,0.00037789344787597656,0,5.698204040527344e-05
59179576_0_7816560732040832274.csv,20,83,,False,0.0014901161193847656,0.0013492107391357422,0,0.00014090538024902344
80255499_92_8843377411837968002.csv,20,2,,False,7.104873657226562e-05,4.291534423828125e-05,0,2.8133392333984375e-05
