tableId,rowsToAnalyze,tableSize,subjectColumnIdx,identifiedCorrectly,executionTimeFull,executionTimePure,queryTime,disambiguationTime
84298322_1_8543362646571974060.csv,20,7,0,True,0.00021910667419433594,0.00015425682067871094,0,6.4849853515625e-05
34117882_0_3714273916884462264.csv,20,2,0,True,0.00016617774963378906,0.0001239776611328125,0,4.220008850097656e-05
12271141_0_213693783755148562.csv,20,29,0,True,0.0018031597137451172,0.00150299072265625,0,0.0003001689910888672
99687188_0_1844204354931842929.csv,20,38,0,True,0.0026290416717529297,0.002357006072998047,0,0.0002720355987548828
70565309_0_34520180832378985.csv,20,4,0,True,0.0003631114959716797,0.0002582073211669922,0,0.0001049041748046875
28079336_2_2139598421036200532.csv,20,121,0,True,0.0009660720825195312,0.0007700920104980469,0,0.00019598007202148438
77526612_0_8961590724422161134.csv,20,5,0,True,0.0004401206970214844,0.00033211708068847656,0,0.00010800361633300781
32286995_0_428076949991393276.csv,20,5,0,True,0.0003559589385986328,0.0002830028533935547,0,7.295608520507812e-05
55961337_0_6548713781034932742.csv,20,44,0,True,0.0018389225006103516,0.0016150474548339844,0,0.0002238750457763672
85627640_0_8469871215145474481.csv,20,7,0,True,0.0006330013275146484,0.0005319118499755859,0,0.0001010894775390625
12187596_5_2670947630490462207.csv,20,15,0,True,0.0008089542388916016,0.0006928443908691406,0,0.00011610984802246094
27115185_25_6617652978902760028.csv,20,5,0,True,0.00025391578674316406,0.00019693374633789062,0,5.698204040527344e-05
73128332_0_3363347224179898954.csv,20,8,0,True,0.0002460479736328125,0.00017595291137695312,0,7.009506225585938e-05
74207889_193_42088949085190649.csv,20,5,0,True,0.00024199485778808594,0.0001888275146484375,0,5.316734313964844e-05
82806029_2_7792188988245343457.csv,20,5,0,True,0.0002810955047607422,0.0002090930938720703,0,7.200241088867188e-05
17627487_0_7482364338839093515.csv,20,3,0,True,0.00022101402282714844,0.0001709461212158203,0,5.0067901611328125e-05
63450419_0_8012592961815711786.csv,20,197,0,True,0.0005400180816650391,0.0004391670227050781,0,0.00010085105895996094
14007582_0_4628453535445348621.csv,20,4,0,True,0.00026488304138183594,0.00020885467529296875,0,5.602836608886719e-05
23362259_0_6423595299295342642.csv,20,4,0,True,0.00015497207641601562,0.00010609626770019531,0,4.887580871582031e-05
85266574_1_5749019246018311248.csv,20,10,0,True,0.0007259845733642578,0.0006339550018310547,0,9.202957153320312e-05
59179576_0_7816560732040832274.csv,20,83,0,True,0.0023369789123535156,0.0021059513092041016,0,0.00023102760314941406
80255499_92_8843377411837968002.csv,20,2,0,True,0.00010991096496582031,6.699562072753906e-05,0,4.291534423828125e-05
