tableId,rowsToAnalyze,tableSize,subjectColumnIdx,identifiedCorrectly,executionTimeFull,executionTimePure,queryTime,disambiguationTime
84298322_1_8543362646571974060.csv,20,7,,False,0.00011897087097167969,7.915496826171875e-05,0,3.981590270996094e-05
34117882_0_3714273916884462264.csv,20,2,,False,9.393692016601562e-05,6.604194641113281e-05,0,2.7894973754882812e-05
12271141_0_213693783755148562.csv,20,29,0,True,0.0012340545654296875,0.0010230541229248047,0,0.0002110004425048828
99687188_0_1844204354931842929.csv,20,38,4,False,0.0015239715576171875,0.001344919204711914,0,0.00017905235290527344
70565309_0_34520180832378985.csv,20,4,0,True,0.00023818016052246094,0.00017905235290527344,0,5.91278076171875e-05
28079336_2_2139598421036200532.csv,20,121,,False,0.0005331039428710938,0.000408172607421875,0,0.00012493133544921875
77526612_0_8961590724422161134.csv,20,5,1,False,0.00022411346435546875,0.0001621246337890625,0,6.198883056640625e-05
32286995_0_428076949991393276.csv,20,5,,False,0.0001881122589111328,0.00015020370483398438,0,3.790855407714844e-05
55961337_0_6548713781034932742.csv,20,44,,False,0.0010030269622802734,0.0008759498596191406,0,0.0001270771026611328
85627640_0_8469871215145474481.csv,20,7,5,False,0.00035309791564941406,0.0002930164337158203,0,6.008148193359375e-05
12187596_5_2670947630490462207.csv,20,15,,False,0.0004699230194091797,0.0004010200500488281,0,6.890296936035156e-05
27115185_25_6617652978902760028.csv,20,5,,False,0.0001480579376220703,0.00011301040649414062,0,3.504753112792969e-05
73128332_0_3363347224179898954.csv,20,8,,False,0.00011181831359863281,7.891654968261719e-05,0,3.2901763916015625e-05
74207889_193_42088949085190649.csv,20,5,,False,0.00014495849609375,0.00011110305786132812,0,3.3855438232421875e-05
82806029_2_7792188988245343457.csv,20,5,1,False,0.000164031982421875,0.00011897087097167969,0,4.506111145019531e-05
17627487_0_7482364338839093515.csv,20,3,,False,0.0001289844512939453,9.894371032714844e-05,0,3.0040740966796875e-05
63450419_0_8012592961815711786.csv,20,197,,False,0.00031495094299316406,0.00025391578674316406,0,6.103515625e-05
14007582_0_4628453535445348621.csv,20,4,,False,0.0001690387725830078,0.00013494491577148438,0,3.409385681152344e-05
23362259_0_6423595299295342642.csv,20,4,1,False,9.012222290039062e-05,6.008148193359375e-05,0,3.0040740966796875e-05
85266574_1_5749019246018311248.csv,20,10,,False,0.00043511390686035156,0.0003790855407714844,0,5.602836608886719e-05
59179576_0_7816560732040832274.csv,20,83,,False,0.0015799999237060547,0.0014278888702392578,0,0.00015211105346679688
80255499_92_8843377411837968002.csv,20,2,,False,8.416175842285156e-05,4.8160552978515625e-05,0,3.600120544433594e-05
