tableId,rowsToAnalyze,tableSize,subjectColumnIdx,identifiedCorrectly,executionTimeFull,executionTimePure,queryTime,disambiguationTime
84298322_1_8543362646571974060.csv,20,7,0,True,0.0001289844512939453,8.893013000488281e-05,0,4.00543212890625e-05
34117882_0_3714273916884462264.csv,20,2,,False,9.393692016601562e-05,6.508827209472656e-05,0,2.8848648071289062e-05
12271141_0_213693783755148562.csv,20,29,,False,0.0011789798736572266,0.0009701251983642578,0,0.00020885467529296875
99687188_0_1844204354931842929.csv,20,38,,False,0.0015270709991455078,0.0013580322265625,0,0.0001690387725830078
70565309_0_34520180832378985.csv,20,4,,False,0.00019288063049316406,0.00013494491577148438,0,5.793571472167969e-05
28079336_2_2139598421036200532.csv,20,121,,False,0.0005562305450439453,0.00043201446533203125,0,0.00012421607971191406
77526612_0_8961590724422161134.csv,20,5,1,False,0.00024390220642089844,0.00018095970153808594,0,6.29425048828125e-05
32286995_0_428076949991393276.csv,20,5,,False,0.00018596649169921875,0.00014901161193847656,0,3.695487976074219e-05
55961337_0_6548713781034932742.csv,20,44,,False,0.0010080337524414062,0.0008821487426757812,0,0.000125885009765625
85627640_0_8469871215145474481.csv,20,7,5,False,0.00038814544677734375,0.00032210350036621094,0,6.604194641113281e-05
12187596_5_2670947630490462207.csv,20,15,,False,0.0005090236663818359,0.0004379749298095703,0,7.104873657226562e-05
27115185_25_6617652978902760028.csv,20,5,,False,0.0001800060272216797,0.0001418590545654297,0,3.814697265625e-05
73128332_0_3363347224179898954.csv,20,8,,False,0.00012493133544921875,8.487701416015625e-05,0,4.00543212890625e-05
74207889_193_42088949085190649.csv,20,5,,False,0.00015497207641601562,0.00011897087097167969,0,3.600120544433594e-05
82806029_2_7792188988245343457.csv,20,5,1,False,0.00018310546875,0.00013113021850585938,0,5.1975250244140625e-05
17627487_0_7482364338839093515.csv,20,3,,False,0.00014495849609375,0.00010991096496582031,0,3.504753112792969e-05
63450419_0_8012592961815711786.csv,20,197,,False,0.00036787986755371094,0.0002989768981933594,0,6.890296936035156e-05
14007582_0_4628453535445348621.csv,20,4,,False,0.00017690658569335938,0.0001380443572998047,0,3.886222839355469e-05
23362259_0_6423595299295342642.csv,20,4,1,False,0.00010514259338378906,7.009506225585938e-05,0,3.504753112792969e-05
85266574_1_5749019246018311248.csv,20,10,,False,0.0005068778991699219,0.0004420280456542969,0,6.4849853515625e-05
59179576_0_7816560732040832274.csv,20,83,,False,0.0016238689422607422,0.0014569759368896484,0,0.00016689300537109375
80255499_92_8843377411837968002.csv,20,2,,False,7.987022399902344e-05,4.792213439941406e-05,0,3.1948089599609375e-05
