tableId,rowsToAnalyze,tableSize,subjectColumnIdx,identifiedCorrectly,executionTimeFull,executionTimePure,queryTime,disambiguationTime
84298322_1_8543362646571974060.csv,20,7,,False,0.000202178955078125,0.00014019012451171875,0,6.198883056640625e-05
34117882_0_3714273916884462264.csv,20,2,,False,0.00015807151794433594,0.00011396408081054688,0,4.410743713378906e-05
12271141_0_213693783755148562.csv,20,29,,False,0.0017130374908447266,0.0014262199401855469,0,0.0002868175506591797
99687188_0_1844204354931842929.csv,20,38,,False,0.0026679039001464844,0.002418041229248047,0,0.0002498626708984375
70565309_0_34520180832378985.csv,20,4,0,True,0.00030994415283203125,0.0002269744873046875,0,8.296966552734375e-05
28079336_2_2139598421036200532.csv,20,121,,False,0.0009000301361083984,0.0007309913635253906,0,0.0001690387725830078
77526612_0_8961590724422161134.csv,20,5,1,False,0.00045299530029296875,0.00033092498779296875,0,0.0001220703125
32286995_0_428076949991393276.csv,20,5,,False,0.0004107952117919922,0.00031495094299316406,0,9.584426879882812e-05
55961337_0_6548713781034932742.csv,20,44,,False,0.00179290771484375,0.0015587806701660156,0,0.00023412704467773438
85627640_0_8469871215145474481.csv,20,7,,False,0.0006070137023925781,0.0005059242248535156,0,0.0001010894775390625
12187596_5_2670947630490462207.csv,20,15,,False,0.0008168220520019531,0.0006959438323974609,0,0.00012087821960449219
27115185_25_6617652978902760028.csv,20,5,,False,0.00029587745666503906,0.0002288818359375,0,6.699562072753906e-05
73128332_0_3363347224179898954.csv,20,8,,False,0.0002300739288330078,0.00016498565673828125,0,6.508827209472656e-05
74207889_193_42088949085190649.csv,20,5,,False,0.00024008750915527344,0.000186920166015625,0,5.316734313964844e-05
82806029_2_7792188988245343457.csv,20,5,,False,0.0002529621124267578,0.00018596649169921875,0,6.699562072753906e-05
17627487_0_7482364338839093515.csv,20,3,,False,0.0002129077911376953,0.0001659393310546875,0,4.696846008300781e-05
63450419_0_8012592961815711786.csv,20,197,,False,0.0005698204040527344,0.0004448890686035156,0,0.00012493133544921875
14007582_0_4628453535445348621.csv,20,4,,False,0.0002770423889160156,0.0002219676971435547,0,5.507469177246094e-05
23362259_0_6423595299295342642.csv,20,4,,False,0.0001499652862548828,0.00010395050048828125,0,4.601478576660156e-05
85266574_1_5749019246018311248.csv,20,10,,False,0.0007910728454589844,0.0006911754608154297,0,9.989738464355469e-05
59179576_0_7816560732040832274.csv,20,83,,False,0.0025968551635742188,0.0023729801177978516,0,0.0002238750457763672
80255499_92_8843377411837968002.csv,20,2,,False,0.0001220703125,7.605552673339844e-05,0,4.601478576660156e-05
