tableId,rowsToAnalyze,tableSize,subjectColumnIdx,identifiedCorrectly,executionTimeFull,executionTimePure,queryTime,disambiguationTime
84298322_1_8543362646571974060.csv,20,7,0,True,0.00011897087097167969,7.915496826171875e-05,0,3.981590270996094e-05
34117882_0_3714273916884462264.csv,20,2,0,True,9.512901306152344e-05,6.604194641113281e-05,0,2.9087066650390625e-05
12271141_0_213693783755148562.csv,20,29,0,True,0.0012309551239013672,0.0010061264038085938,0,0.00022482872009277344
99687188_0_1844204354931842929.csv,20,38,0,True,0.001516103744506836,0.0013561248779296875,0,0.00015997886657714844
70565309_0_34520180832378985.csv,20,4,0,True,0.00019788742065429688,0.0001380443572998047,0,5.984306335449219e-05
28079336_2_2139598421036200532.csv,20,121,0,True,0.0005080699920654297,0.0003979206085205078,0,0.00011014938354492188
77526612_0_8961590724422161134.csv,20,5,0,True,0.00025200843811035156,0.00017690658569335938,0,7.510185241699219e-05
32286995_0_428076949991393276.csv,20,5,0,True,0.00020599365234375,0.00016498565673828125,0,4.100799560546875e-05
55961337_0_6548713781034932742.csv,20,44,0,True,0.0009899139404296875,0.0008609294891357422,0,0.0001289844512939453
85627640_0_8469871215145474481.csv,20,7,0,True,0.0003409385681152344,0.0002799034118652344,0,6.103515625e-05
12187596_5_2670947630490462207.csv,20,15,0,True,0.00047588348388671875,0.0004048347473144531,0,7.104873657226562e-05
27115185_25_6617652978902760028.csv,20,5,0,True,0.00016307830810546875,0.00011396408081054688,0,4.9114227294921875e-05
73128332_0_3363347224179898954.csv,20,8,0,True,0.00011491775512695312,7.987022399902344e-05,0,3.504753112792969e-05
74207889_193_42088949085190649.csv,20,5,0,True,0.00016617774963378906,0.0001270771026611328,0,3.910064697265625e-05
82806029_2_7792188988245343457.csv,20,5,0,True,0.00016808509826660156,0.00011897087097167969,0,4.9114227294921875e-05
17627487_0_7482364338839093515.csv,20,3,0,True,0.0001399517059326172,0.00010704994201660156,0,3.2901763916015625e-05
63450419_0_8012592961815711786.csv,20,197,0,True,0.00033593177795410156,0.00027108192443847656,0,6.4849853515625e-05
14007582_0_4628453535445348621.csv,20,4,0,True,0.00016999244689941406,0.00013208389282226562,0,3.790855407714844e-05
23362259_0_6423595299295342642.csv,20,4,0,True,8.797645568847656e-05,5.698204040527344e-05,0,3.0994415283203125e-05
85266574_1_5749019246018311248.csv,20,10,0,True,0.0004630088806152344,0.0004029273986816406,0,6.008148193359375e-05
59179576_0_7816560732040832274.csv,20,83,0,True,0.001422882080078125,0.0012729167938232422,0,0.0001499652862548828
80255499_92_8843377411837968002.csv,20,2,0,True,6.794929504394531e-05,4.100799560546875e-05,0,2.6941299438476562e-05
