tableId,rowsToAnalyze,tableSize,subjectColumnIdx,identifiedCorrectly,executionTimeFull,executionTimePure,queryTime,disambiguationTime
84298322_1_8543362646571974060.csv,20,7,,False,0.00011396408081054688,7.510185241699219e-05,0,3.886222839355469e-05
34117882_0_3714273916884462264.csv,20,2,,False,8.988380432128906e-05,6.198883056640625e-05,0,2.7894973754882812e-05
12271141_0_213693783755148562.csv,20,29,0,True,0.001190185546875,0.000990152359008789,0,0.00020003318786621094
99687188_0_1844204354931842929.csv,20,38,4,False,0.0015649795532226562,0.0013909339904785156,0,0.00017404556274414062
70565309_0_34520180832378985.csv,20,4,0,True,0.0001971721649169922,0.0001392364501953125,0,5.793571472167969e-05
28079336_2_2139598421036200532.csv,20,121,,False,0.0005440711975097656,0.0004181861877441406,0,0.000125885009765625
77526612_0_8961590724422161134.csv,20,5,1,False,0.00022292137145996094,0.00016188621520996094,0,6.103515625e-05
32286995_0_428076949991393276.csv,20,5,,False,0.0002110004425048828,0.0001709461212158203,0,4.00543212890625e-05
55961337_0_6548713781034932742.csv,20,44,,False,0.0010349750518798828,0.0009059906005859375,0,0.0001289844512939453
85627640_0_8469871215145474481.csv,20,7,5,False,0.0003628730773925781,0.0003039836883544922,0,5.888938903808594e-05
12187596_5_2670947630490462207.csv,20,15,,False,0.0004811286926269531,0.0004010200500488281,0,8.0108642578125e-05
27115185_25_6617652978902760028.csv,20,5,,False,0.00014710426330566406,0.00011205673217773438,0,3.504753112792969e-05
73128332_0_3363347224179898954.csv,20,8,,False,0.00011086463928222656,7.796287536621094e-05,0,3.2901763916015625e-05
74207889_193_42088949085190649.csv,20,5,,False,0.00014495849609375,0.00011086463928222656,0,3.409385681152344e-05
82806029_2_7792188988245343457.csv,20,5,2,False,0.00016188621520996094,0.00011801719665527344,0,4.38690185546875e-05
17627487_0_7482364338839093515.csv,20,3,,False,0.00013017654418945312,0.00010013580322265625,0,3.0040740966796875e-05
63450419_0_8012592961815711786.csv,20,197,,False,0.00031280517578125,0.00025177001953125,0,6.103515625e-05
14007582_0_4628453535445348621.csv,20,4,,False,0.00015592575073242188,0.00012183189392089844,0,3.409385681152344e-05
23362259_0_6423595299295342642.csv,20,4,,False,8.20159912109375e-05,5.2928924560546875e-05,0,2.9087066650390625e-05
85266574_1_5749019246018311248.csv,20,10,,False,0.00043392181396484375,0.00037789344787597656,0,5.602836608886719e-05
59179576_0_7816560732040832274.csv,20,83,,False,0.00139617919921875,0.001255035400390625,0,0.000141143798828125
80255499_92_8843377411837968002.csv,20,2,,False,6.580352783203125e-05,3.886222839355469e-05,0,2.6941299438476562e-05
