tableId,rowsToAnalyze,tableSize,subjectColumnIdx,identifiedCorrectly,executionTimeFull,executionTimePure,queryTime,disambiguationTime
84298322_1_8543362646571974060.csv,20,7,0,True,0.00012922286987304688,8.940696716308594e-05,0,3.981590270996094e-05
34117882_0_3714273916884462264.csv,20,2,,False,8.678436279296875e-05,6.079673767089844e-05,0,2.5987625122070312e-05
12271141_0_213693783755148562.csv,20,29,0,True,0.0011718273162841797,0.0009779930114746094,0,0.0001938343048095703
99687188_0_1844204354931842929.csv,20,38,,False,0.0014300346374511719,0.001271963119506836,0,0.00015807151794433594
70565309_0_34520180832378985.csv,20,4,,False,0.0002079010009765625,0.0001518726348876953,0,5.602836608886719e-05
28079336_2_2139598421036200532.csv,20,121,,False,0.0005340576171875,0.0004189014434814453,0,0.00011515617370605469
77526612_0_8961590724422161134.csv,20,5,1,False,0.0002448558807373047,0.0001800060272216797,0,6.4849853515625e-05
32286995_0_428076949991393276.csv,20,5,,False,0.00020599365234375,0.00016307830810546875,0,4.291534423828125e-05
55961337_0_6548713781034932742.csv,20,44,,False,0.0011210441589355469,0.0009770393371582031,0,0.00014400482177734375
85627640_0_8469871215145474481.csv,20,7,5,False,0.0003750324249267578,0.000308990478515625,0,6.604194641113281e-05
12187596_5_2670947630490462207.csv,20,15,,False,0.0005328655242919922,0.00045800209045410156,0,7.486343383789062e-05
27115185_25_6617652978902760028.csv,20,5,,False,0.0001590251922607422,0.00011992454528808594,0,3.910064697265625e-05
73128332_0_3363347224179898954.csv,20,8,,False,0.0001227855682373047,8.392333984375e-05,0,3.886222839355469e-05
74207889_193_42088949085190649.csv,20,5,,False,0.00015592575073242188,0.00011897087097167969,0,3.695487976074219e-05
82806029_2_7792188988245343457.csv,20,5,1,False,0.00017905235290527344,0.00013017654418945312,0,4.887580871582031e-05
17627487_0_7482364338839093515.csv,20,3,,False,0.00013899803161621094,0.00010704994201660156,0,3.1948089599609375e-05
63450419_0_8012592961815711786.csv,20,197,,False,0.00034117698669433594,0.0002751350402832031,0,6.604194641113281e-05
14007582_0_4628453535445348621.csv,20,4,,False,0.00017595291137695312,0.00013899803161621094,0,3.695487976074219e-05
23362259_0_6423595299295342642.csv,20,4,1,False,0.00010704994201660156,7.414817810058594e-05,0,3.2901763916015625e-05
85266574_1_5749019246018311248.csv,20,10,,False,0.00047516822814941406,0.0004181861877441406,0,5.698204040527344e-05
59179576_0_7816560732040832274.csv,20,83,,False,0.0015499591827392578,0.0013859272003173828,0,0.000164031982421875
80255499_92_8843377411837968002.csv,20,2,,False,7.200241088867188e-05,4.291534423828125e-05,0,2.9087066650390625e-05
