tableId,rowsToAnalyze,tableSize,subjectColumnIdx,identifiedCorrectly,executionTimeFull,executionTimePure,queryTime,disambiguationTime
84298322_1_8543362646571974060.csv,20,7,0,True,0.00023889541625976562,0.0001659393310546875,0,7.295608520507812e-05
34117882_0_3714273916884462264.csv,20,2,0,True,0.000164031982421875,0.00012111663818359375,0,4.291534423828125e-05
12271141_0_213693783755148562.csv,20,29,0,True,0.0017211437225341797,0.0014050006866455078,0,0.0003161430358886719
99687188_0_1844204354931842929.csv,20,38,0,True,0.0023660659790039062,0.002106904983520508,0,0.00025916099548339844
70565309_0_34520180832378985.csv,20,4,0,True,0.0002918243408203125,0.000209808349609375,0,8.20159912109375e-05
28079336_2_2139598421036200532.csv,20,121,0,True,0.0008449554443359375,0.0006818771362304688,0,0.00016307830810546875
77526612_0_8961590724422161134.csv,20,5,0,True,0.00034999847412109375,0.00026297569274902344,0,8.702278137207031e-05
32286995_0_428076949991393276.csv,20,5,0,True,0.0002968311309814453,0.0002429485321044922,0,5.3882598876953125e-05
55961337_0_6548713781034932742.csv,20,44,0,True,0.0015339851379394531,0.001352071762084961,0,0.0001819133758544922
85627640_0_8469871215145474481.csv,20,7,0,True,0.0005679130554199219,0.0004820823669433594,0,8.58306884765625e-05
12187596_5_2670947630490462207.csv,20,15,0,True,0.0007798671722412109,0.0006878376007080078,0,9.202957153320312e-05
27115185_25_6617652978902760028.csv,20,5,0,True,0.0002849102020263672,0.00021791458129882812,0,6.699562072753906e-05
73128332_0_3363347224179898954.csv,20,8,0,True,0.00025916099548339844,0.00018405914306640625,0,7.510185241699219e-05
74207889_193_42088949085190649.csv,20,5,0,True,0.00027489662170410156,0.00021195411682128906,0,6.29425048828125e-05
82806029_2_7792188988245343457.csv,20,5,0,True,0.00030612945556640625,0.000225067138671875,0,8.106231689453125e-05
17627487_0_7482364338839093515.csv,20,3,0,True,0.0003039836883544922,0.00023603439331054688,0,6.794929504394531e-05
63450419_0_8012592961815711786.csv,20,197,0,True,0.000659942626953125,0.000537872314453125,0,0.0001220703125
14007582_0_4628453535445348621.csv,20,4,0,True,0.00030612945556640625,0.00023603439331054688,0,7.009506225585938e-05
23362259_0_6423595299295342642.csv,20,4,0,True,0.0001709461212158203,0.00011301040649414062,0,5.793571472167969e-05
85266574_1_5749019246018311248.csv,20,10,0,True,0.0008399486541748047,0.0007441043853759766,0,9.584426879882812e-05
59179576_0_7816560732040832274.csv,20,83,0,True,0.0023071765899658203,0.0020661354064941406,0,0.0002410411834716797
80255499_92_8843377411837968002.csv,20,2,0,True,0.00011396408081054688,7.295608520507812e-05,0,4.100799560546875e-05
