tableId,rowsToAnalyze,tableSize,subjectColumnIdx,identifiedCorrectly,executionTimeFull,executionTimePure,queryTime,disambiguationTime
84298322_1_8543362646571974060.csv,20,7,,False,0.00011992454528808594,7.796287536621094e-05,0,4.1961669921875e-05
34117882_0_3714273916884462264.csv,20,2,,False,0.00010514259338378906,7.62939453125e-05,0,2.8848648071289062e-05
12271141_0_213693783755148562.csv,20,29,,False,0.0012311935424804688,0.0010290145874023438,0,0.000202178955078125
99687188_0_1844204354931842929.csv,20,38,,False,0.0015110969543457031,0.0013370513916015625,0,0.00017404556274414062
70565309_0_34520180832378985.csv,20,4,0,True,0.00021004676818847656,0.00014591217041015625,0,6.413459777832031e-05
28079336_2_2139598421036200532.csv,20,121,,False,0.0005431175231933594,0.00042510032653808594,0,0.00011801719665527344
77526612_0_8961590724422161134.csv,20,5,1,False,0.0002448558807373047,0.00017690658569335938,0,6.794929504394531e-05
32286995_0_428076949991393276.csv,20,5,,False,0.00020194053649902344,0.0001609325408935547,0,4.100799560546875e-05
55961337_0_6548713781034932742.csv,20,44,,False,0.0010709762573242188,0.0009441375732421875,0,0.00012683868408203125
85627640_0_8469871215145474481.csv,20,7,,False,0.0003459453582763672,0.0002779960632324219,0,6.794929504394531e-05
12187596_5_2670947630490462207.csv,20,15,,False,0.0004870891571044922,0.00041604042053222656,0,7.104873657226562e-05
27115185_25_6617652978902760028.csv,20,5,,False,0.0001468658447265625,0.00011181831359863281,0,3.504753112792969e-05
73128332_0_3363347224179898954.csv,20,8,,False,0.00013208389282226562,9.894371032714844e-05,0,3.314018249511719e-05
74207889_193_42088949085190649.csv,20,5,,False,0.00014400482177734375,0.00010991096496582031,0,3.409385681152344e-05
82806029_2_7792188988245343457.csv,20,5,,False,0.00015497207641601562,0.00010991096496582031,0,4.506111145019531e-05
17627487_0_7482364338839093515.csv,20,3,,False,0.00013899803161621094,0.00010704994201660156,0,3.1948089599609375e-05
63450419_0_8012592961815711786.csv,20,197,,False,0.00033593177795410156,0.000270843505859375,0,6.508827209472656e-05
14007582_0_4628453535445348621.csv,20,4,,False,0.00016808509826660156,0.00013208389282226562,0,3.600120544433594e-05
23362259_0_6423595299295342642.csv,20,4,,False,8.988380432128906e-05,5.698204040527344e-05,0,3.2901763916015625e-05
85266574_1_5749019246018311248.csv,20,10,,False,0.0004608631134033203,0.0004019737243652344,0,5.888938903808594e-05
59179576_0_7816560732040832274.csv,20,83,,False,0.0014929771423339844,0.0013418197631835938,0,0.00015115737915039062
80255499_92_8843377411837968002.csv,20,2,,False,9.894371032714844e-05,5.1021575927734375e-05,0,4.792213439941406e-05
