tableId,rowsToAnalyze,tableSize,subjectColumnIdx,identifiedCorrectly,executionTimeFull,executionTimePure,queryTime,disambiguationTime
84298322_1_8543362646571974060.csv,20,7,,False,0.00011897087097167969,7.891654968261719e-05,0,4.00543212890625e-05
34117882_0_3714273916884462264.csv,20,2,,False,9.202957153320312e-05,6.29425048828125e-05,0,2.9087066650390625e-05
12271141_0_213693783755148562.csv,20,29,0,True,0.001271963119506836,0.001065969467163086,0,0.00020599365234375
99687188_0_1844204354931842929.csv,20,38,4,False,0.0015718936920166016,0.0013980865478515625,0,0.00017380714416503906
70565309_0_34520180832378985.csv,20,4,0,True,0.00021600723266601562,0.0001499652862548828,0,6.604194641113281e-05
28079336_2_2139598421036200532.csv,20,121,,False,0.0005478858947753906,0.000431060791015625,0,0.00011682510375976562
77526612_0_8961590724422161134.csv,20,5,1,False,0.00024700164794921875,0.00017786026000976562,0,6.914138793945312e-05
32286995_0_428076949991393276.csv,20,5,,False,0.00020599365234375,0.00016188621520996094,0,4.410743713378906e-05
55961337_0_6548713781034932742.csv,20,44,,False,0.0010731220245361328,0.0009331703186035156,0,0.0001399517059326172
85627640_0_8469871215145474481.csv,20,7,5,False,0.00047397613525390625,0.0003840923309326172,0,8.988380432128906e-05
12187596_5_2670947630490462207.csv,20,15,,False,0.0005249977111816406,0.0004429817199707031,0,8.20159912109375e-05
27115185_25_6617652978902760028.csv,20,5,,False,0.00024700164794921875,0.0001800060272216797,0,6.699562072753906e-05
73128332_0_3363347224179898954.csv,20,8,,False,0.000125885009765625,8.606910705566406e-05,0,3.981590270996094e-05
74207889_193_42088949085190649.csv,20,5,,False,0.00015687942504882812,0.00011992454528808594,0,3.695487976074219e-05
82806029_2_7792188988245343457.csv,20,5,2,False,0.00018095970153808594,0.00012993812561035156,0,5.1021575927734375e-05
17627487_0_7482364338839093515.csv,20,3,,False,0.0001380443572998047,0.00010514259338378906,0,3.2901763916015625e-05
63450419_0_8012592961815711786.csv,20,197,,False,0.0003390312194824219,0.00027298927307128906,0,6.604194641113281e-05
14007582_0_4628453535445348621.csv,20,4,,False,0.00016999244689941406,0.0001342296600341797,0,3.5762786865234375e-05
23362259_0_6423595299295342642.csv,20,4,,False,9.703636169433594e-05,5.2928924560546875e-05,0,4.410743713378906e-05
85266574_1_5749019246018311248.csv,20,10,,False,0.00043511390686035156,0.0003790855407714844,0,5.602836608886719e-05
59179576_0_7816560732040832274.csv,20,83,,False,0.0014500617980957031,0.0012938976287841797,0,0.00015616416931152344
80255499_92_8843377411837968002.csv,20,2,,False,8.296966552734375e-05,5.4836273193359375e-05,0,2.8133392333984375e-05
