tableId,rowsToAnalyze,tableSize,subjectColumnIdx,identifiedCorrectly,executionTimeFull,executionTimePure,queryTime,disambiguationTime
84298322_1_8543362646571974060.csv,20,7,0,True,0.00019502639770507812,0.00013899803161621094,0,5.602836608886719e-05
34117882_0_3714273916884462264.csv,20,2,,False,0.00015306472778320312,0.00011205673217773438,0,4.100799560546875e-05
12271141_0_213693783755148562.csv,20,29,0,True,0.0018641948699951172,0.0015552043914794922,0,0.000308990478515625
99687188_0_1844204354931842929.csv,20,38,4,False,0.0025730133056640625,0.0023031234741210938,0,0.00026988983154296875
70565309_0_34520180832378985.csv,20,4,0,True,0.0003039836883544922,0.0002200603485107422,0,8.392333984375e-05
28079336_2_2139598421036200532.csv,20,121,,False,0.0008950233459472656,0.0007090568542480469,0,0.00018596649169921875
77526612_0_8961590724422161134.csv,20,5,1,False,0.00039505958557128906,0.0002970695495605469,0,9.799003601074219e-05
32286995_0_428076949991393276.csv,20,5,,False,0.000347137451171875,0.000286102294921875,0,6.103515625e-05
55961337_0_6548713781034932742.csv,20,44,0,True,0.0017812252044677734,0.001562356948852539,0,0.00021886825561523438
85627640_0_8469871215145474481.csv,20,7,5,False,0.0006618499755859375,0.0005478858947753906,0,0.00011396408081054688
12187596_5_2670947630490462207.csv,20,15,,False,0.0009119510650634766,0.000782012939453125,0,0.00012993812561035156
27115185_25_6617652978902760028.csv,20,5,,False,0.0002751350402832031,0.00021195411682128906,0,6.318092346191406e-05
73128332_0_3363347224179898954.csv,20,8,,False,0.00020813941955566406,0.00014901161193847656,0,5.91278076171875e-05
74207889_193_42088949085190649.csv,20,5,,False,0.00026798248291015625,0.0002090930938720703,0,5.888938903808594e-05
82806029_2_7792188988245343457.csv,20,5,1,False,0.0003001689910888672,0.0002231597900390625,0,7.700920104980469e-05
17627487_0_7482364338839093515.csv,20,3,,False,0.00023484230041503906,0.00018286705017089844,0,5.1975250244140625e-05
63450419_0_8012592961815711786.csv,20,197,,False,0.0005590915679931641,0.00044798851013183594,0,0.00011110305786132812
14007582_0_4628453535445348621.csv,20,4,,False,0.0002849102020263672,0.0002269744873046875,0,5.793571472167969e-05
23362259_0_6423595299295342642.csv,20,4,1,False,0.000164031982421875,0.00011205673217773438,0,5.1975250244140625e-05
85266574_1_5749019246018311248.csv,20,10,,False,0.0007638931274414062,0.0006678104400634766,0,9.608268737792969e-05
59179576_0_7816560732040832274.csv,20,83,,False,0.0024709701538085938,0.0022330284118652344,0,0.00023794174194335938
80255499_92_8843377411837968002.csv,20,2,,False,0.00010395050048828125,6.29425048828125e-05,0,4.100799560546875e-05
