tableId,rowsToAnalyze,tableSize,subjectColumnIdx,identifiedCorrectly,executionTimeFull,executionTimePure,queryTime,disambiguationTime
84298322_1_8543362646571974060.csv,20,7,,False,0.00021600723266601562,0.00015091896057128906,0,6.508827209472656e-05
34117882_0_3714273916884462264.csv,20,2,,False,0.00017499923706054688,0.00011801719665527344,0,5.698204040527344e-05
12271141_0_213693783755148562.csv,20,29,,False,0.001847982406616211,0.0015308856964111328,0,0.0003170967102050781
99687188_0_1844204354931842929.csv,20,38,,False,0.0026199817657470703,0.002346038818359375,0,0.0002739429473876953
70565309_0_34520180832378985.csv,20,4,0,True,0.000308990478515625,0.00022292137145996094,0,8.606910705566406e-05
28079336_2_2139598421036200532.csv,20,121,,False,0.00084686279296875,0.0006799697875976562,0,0.00016689300537109375
77526612_0_8961590724422161134.csv,20,5,1,False,0.00040411949157714844,0.00030612945556640625,0,9.799003601074219e-05
32286995_0_428076949991393276.csv,20,5,,False,0.0003390312194824219,0.00027298927307128906,0,6.604194641113281e-05
55961337_0_6548713781034932742.csv,20,44,,False,0.0017168521881103516,0.0015048980712890625,0,0.00021195411682128906
85627640_0_8469871215145474481.csv,20,7,,False,0.0005710124969482422,0.0004749298095703125,0,9.608268737792969e-05
12187596_5_2670947630490462207.csv,20,15,,False,0.0008261203765869141,0.0006921291351318359,0,0.00013399124145507812
27115185_25_6617652978902760028.csv,20,5,,False,0.0002779960632324219,0.00020003318786621094,0,7.796287536621094e-05
73128332_0_3363347224179898954.csv,20,8,,False,0.00020694732666015625,0.00013899803161621094,0,6.794929504394531e-05
74207889_193_42088949085190649.csv,20,5,,False,0.0002608299255371094,0.0002048015594482422,0,5.602836608886719e-05
82806029_2_7792188988245343457.csv,20,5,,False,0.00026798248291015625,0.00019598007202148438,0,7.200241088867188e-05
17627487_0_7482364338839093515.csv,20,3,,False,0.00022482872009277344,0.0001747608184814453,0,5.0067901611328125e-05
63450419_0_8012592961815711786.csv,20,197,,False,0.0005500316619873047,0.00044608116149902344,0,0.00010395050048828125
14007582_0_4628453535445348621.csv,20,4,,False,0.00027298927307128906,0.0002148151397705078,0,5.817413330078125e-05
23362259_0_6423595299295342642.csv,20,4,,False,0.00014090538024902344,9.202957153320312e-05,0,4.887580871582031e-05
85266574_1_5749019246018311248.csv,20,10,,False,0.0007410049438476562,0.0006470680236816406,0,9.393692016601562e-05
59179576_0_7816560732040832274.csv,20,83,,False,0.002437114715576172,0.0022172927856445312,0,0.00021982192993164062
80255499_92_8843377411837968002.csv,20,2,,False,0.00010704994201660156,6.699562072753906e-05,0,4.00543212890625e-05
