tableId,rowsToAnalyze,tableSize,subjectColumnIdx,identifiedCorrectly,executionTimeFull,executionTimePure,queryTime,disambiguationTime
84298322_1_8543362646571974060.csv,20,7,,False,0.00011086463928222656,7.390975952148438e-05,0,3.695487976074219e-05
34117882_0_3714273916884462264.csv,20,2,,False,8.797645568847656e-05,6.198883056640625e-05,0,2.5987625122070312e-05
12271141_0_213693783755148562.csv,20,29,1,False,0.0011239051818847656,0.0009310245513916016,0,0.00019288063049316406
99687188_0_1844204354931842929.csv,20,38,,False,0.00144195556640625,0.0012710094451904297,0,0.0001709461212158203
70565309_0_34520180832378985.csv,20,4,0,True,0.0002079010009765625,0.0001518726348876953,0,5.602836608886719e-05
28079336_2_2139598421036200532.csv,20,121,,False,0.0005269050598144531,0.0004119873046875,0,0.00011491775512695312
77526612_0_8961590724422161134.csv,20,5,1,False,0.00023317337036132812,0.0001690387725830078,0,6.413459777832031e-05
32286995_0_428076949991393276.csv,20,5,,False,0.0003249645233154297,0.00020694732666015625,0,0.00011801719665527344
55961337_0_6548713781034932742.csv,20,44,,False,0.0012030601501464844,0.0010411739349365234,0,0.00016188621520996094
85627640_0_8469871215145474481.csv,20,7,,False,0.0003991127014160156,0.0003211498260498047,0,7.796287536621094e-05
12187596_5_2670947630490462207.csv,20,15,,False,0.0005061626434326172,0.00043010711669921875,0,7.605552673339844e-05
27115185_25_6617652978902760028.csv,20,5,,False,0.00016021728515625,0.00012111663818359375,0,3.910064697265625e-05
73128332_0_3363347224179898954.csv,20,8,,False,0.00012087821960449219,8.487701416015625e-05,0,3.600120544433594e-05
74207889_193_42088949085190649.csv,20,5,,False,0.00015497207641601562,0.00011777877807617188,0,3.719329833984375e-05
82806029_2_7792188988245343457.csv,20,5,,False,0.00017499923706054688,0.00012683868408203125,0,4.8160552978515625e-05
17627487_0_7482364338839093515.csv,20,3,,False,0.00013780593872070312,0.00010585784912109375,0,3.1948089599609375e-05
63450419_0_8012592961815711786.csv,20,197,,False,0.0003380775451660156,0.0002720355987548828,0,6.604194641113281e-05
14007582_0_4628453535445348621.csv,20,4,,False,0.00016808509826660156,0.00013208389282226562,0,3.600120544433594e-05
23362259_0_6423595299295342642.csv,20,4,,False,8.916854858398438e-05,5.602836608886719e-05,0,3.314018249511719e-05
85266574_1_5749019246018311248.csv,20,10,,False,0.0004658699035644531,0.0004048347473144531,0,6.103515625e-05
59179576_0_7816560732040832274.csv,20,83,,False,0.0014920234680175781,0.001341104507446289,0,0.00015091896057128906
80255499_92_8843377411837968002.csv,20,2,,False,7.200241088867188e-05,4.291534423828125e-05,0,2.9087066650390625e-05
