tableId,rowsToAnalyze,tableSize,subjectColumnIdx,identifiedCorrectly,executionTimeFull,executionTimePure,queryTime,disambiguationTime
84298322_1_8543362646571974060.csv,20,7,,False,0.00011086463928222656,7.390975952148438e-05,0,3.695487976074219e-05
34117882_0_3714273916884462264.csv,20,2,,False,8.702278137207031e-05,6.103515625e-05,0,2.5987625122070312e-05
12271141_0_213693783755148562.csv,20,29,,False,0.0011000633239746094,0.0009081363677978516,0,0.0001919269561767578
99687188_0_1844204354931842929.csv,20,38,,False,0.006324052810668945,0.006139993667602539,0,0.00018405914306640625
70565309_0_34520180832378985.csv,20,4,0,True,0.00030994415283203125,0.00021982192993164062,0,9.012222290039062e-05
28079336_2_2139598421036200532.csv,20,121,,False,0.0008609294891357422,0.0006890296936035156,0,0.00017189979553222656
77526612_0_8961590724422161134.csv,20,5,1,False,0.00032401084899902344,0.0002319812774658203,0,9.202957153320312e-05
32286995_0_428076949991393276.csv,20,5,,False,0.000331878662109375,0.00026798248291015625,0,6.389617919921875e-05
55961337_0_6548713781034932742.csv,20,44,,False,0.0014920234680175781,0.001277923583984375,0,0.00021409988403320312
85627640_0_8469871215145474481.csv,20,7,,False,0.0005371570587158203,0.0004181861877441406,0,0.00011897087097167969
12187596_5_2670947630490462207.csv,20,15,,False,0.0005478858947753906,0.00045490264892578125,0,9.298324584960938e-05
27115185_25_6617652978902760028.csv,20,5,,False,0.00017714500427246094,0.00012993812561035156,0,4.7206878662109375e-05
73128332_0_3363347224179898954.csv,20,8,,False,0.00013494491577148438,8.797645568847656e-05,0,4.696846008300781e-05
74207889_193_42088949085190649.csv,20,5,,False,0.00016188621520996094,0.00012183189392089844,0,4.00543212890625e-05
82806029_2_7792188988245343457.csv,20,5,,False,0.0001709461212158203,0.00011992454528808594,0,5.1021575927734375e-05
17627487_0_7482364338839093515.csv,20,3,,False,0.00013780593872070312,0.00010585784912109375,0,3.1948089599609375e-05
63450419_0_8012592961815711786.csv,20,197,,False,0.0003490447998046875,0.0002841949462890625,0,6.4849853515625e-05
14007582_0_4628453535445348621.csv,20,4,,False,0.00015807151794433594,0.0001239776611328125,0,3.409385681152344e-05
23362259_0_6423595299295342642.csv,20,4,,False,8.296966552734375e-05,5.2928924560546875e-05,0,3.0040740966796875e-05
85266574_1_5749019246018311248.csv,20,10,,False,0.0004591941833496094,0.0004031658172607422,0,5.602836608886719e-05
59179576_0_7816560732040832274.csv,20,83,,False,0.0015151500701904297,0.0013730525970458984,0,0.00014209747314453125
80255499_92_8843377411837968002.csv,20,2,,False,8.296966552734375e-05,5.3882598876953125e-05,0,2.9087066650390625e-05
