tableId,rowsToAnalyze,tableSize,subjectColumnIdx,identifiedCorrectly,executionTimeFull,executionTimePure,queryTime,disambiguationTime
84298322_1_8543362646571974060.csv,20,7,0,True,0.00021910667419433594,0.00015807151794433594,0,6.103515625e-05
34117882_0_3714273916884462264.csv,20,2,,False,0.0001590251922607422,0.00011396408081054688,0,4.506111145019531e-05
12271141_0_213693783755148562.csv,20,29,0,True,0.0018260478973388672,0.0015289783477783203,0,0.0002970695495605469
99687188_0_1844204354931842929.csv,20,38,4,False,0.0025141239166259766,0.0022470951080322266,0,0.00026702880859375
70565309_0_34520180832378985.csv,20,4,0,True,0.00032591819763183594,0.00023984909057617188,0,8.606910705566406e-05
28079336_2_2139598421036200532.csv,20,121,,False,0.0008969306945800781,0.0007169246673583984,0,0.0001800060272216797
77526612_0_8961590724422161134.csv,20,5,1,False,0.0003871917724609375,0.0002942085266113281,0,9.298324584960938e-05
32286995_0_428076949991393276.csv,20,5,,False,0.0003371238708496094,0.00027298927307128906,0,6.413459777832031e-05
55961337_0_6548713781034932742.csv,20,44,0,True,0.0017919540405273438,0.001577138900756836,0,0.0002148151397705078
85627640_0_8469871215145474481.csv,20,7,5,False,0.0006289482116699219,0.0005269050598144531,0,0.00010204315185546875
12187596_5_2670947630490462207.csv,20,15,,False,0.0008988380432128906,0.0007679462432861328,0,0.0001308917999267578
27115185_25_6617652978902760028.csv,20,5,,False,0.00026702880859375,0.00020503997802734375,0,6.198883056640625e-05
73128332_0_3363347224179898954.csv,20,8,,False,0.00021004676818847656,0.00014901161193847656,0,6.103515625e-05
74207889_193_42088949085190649.csv,20,5,,False,0.00026488304138183594,0.0002028942108154297,0,6.198883056640625e-05
82806029_2_7792188988245343457.csv,20,5,1,False,0.0002970695495605469,0.0002181529998779297,0,7.891654968261719e-05
17627487_0_7482364338839093515.csv,20,3,,False,0.00023102760314941406,0.0001780986785888672,0,5.2928924560546875e-05
63450419_0_8012592961815711786.csv,20,197,,False,0.0005650520324707031,0.0004589557647705078,0,0.00010609626770019531
14007582_0_4628453535445348621.csv,20,4,,False,0.0002760887145996094,0.00021719932556152344,0,5.888938903808594e-05
23362259_0_6423595299295342642.csv,20,4,1,False,0.00016498565673828125,0.00011301040649414062,0,5.1975250244140625e-05
85266574_1_5749019246018311248.csv,20,10,,False,0.0007169246673583984,0.0006308555603027344,0,8.606910705566406e-05
59179576_0_7816560732040832274.csv,20,83,,False,0.0023789405822753906,0.0021359920501708984,0,0.0002429485321044922
80255499_92_8843377411837968002.csv,20,2,,False,0.0001239776611328125,7.510185241699219e-05,0,4.887580871582031e-05
