tableId,rowsToAnalyze,tableSize,subjectColumnIdx,identifiedCorrectly,executionTimeFull,executionTimePure,queryTime,disambiguationTime
84298322_1_8543362646571974060.csv,20,7,,False,0.00020599365234375,0.000141143798828125,0,6.4849853515625e-05
34117882_0_3714273916884462264.csv,20,2,,False,0.00014495849609375,0.00010395050048828125,0,4.100799560546875e-05
12271141_0_213693783755148562.csv,20,29,,False,0.0016710758209228516,0.0013821125030517578,0,0.00028896331787109375
99687188_0_1844204354931842929.csv,20,38,,False,0.0023720264434814453,0.0021219253540039062,0,0.00025010108947753906
70565309_0_34520180832378985.csv,20,4,0,True,0.0003299713134765625,0.00023889541625976562,0,9.107589721679688e-05
28079336_2_2139598421036200532.csv,20,121,,False,0.0008440017700195312,0.0006730556488037109,0,0.0001709461212158203
77526612_0_8961590724422161134.csv,20,5,1,False,0.0003781318664550781,0.00028514862060546875,0,9.298324584960938e-05
32286995_0_428076949991393276.csv,20,5,,False,0.0003218650817871094,0.0002579689025878906,0,6.389617919921875e-05
55961337_0_6548713781034932742.csv,20,44,,False,0.0017201900482177734,0.0014660358428955078,0,0.0002541542053222656
85627640_0_8469871215145474481.csv,20,7,,False,0.00061798095703125,0.0005159378051757812,0,0.00010204315185546875
12187596_5_2670947630490462207.csv,20,15,,False,0.0010111331939697266,0.0008931159973144531,0,0.00011801719665527344
27115185_25_6617652978902760028.csv,20,5,,False,0.00025081634521484375,0.00019097328186035156,0,5.984306335449219e-05
73128332_0_3363347224179898954.csv,20,8,,False,0.00022077560424804688,0.00016379356384277344,0,5.698204040527344e-05
74207889_193_42088949085190649.csv,20,5,,False,0.00024318695068359375,0.0001881122589111328,0,5.507469177246094e-05
82806029_2_7792188988245343457.csv,20,5,,False,0.0002570152282714844,0.0001881122589111328,0,6.890296936035156e-05
17627487_0_7482364338839093515.csv,20,3,,False,0.00021696090698242188,0.00016808509826660156,0,4.887580871582031e-05
63450419_0_8012592961815711786.csv,20,197,,False,0.0005211830139160156,0.00042319297790527344,0,9.799003601074219e-05
14007582_0_4628453535445348621.csv,20,4,,False,0.0002560615539550781,0.000202178955078125,0,5.3882598876953125e-05
23362259_0_6423595299295342642.csv,20,4,,False,0.00015091896057128906,8.797645568847656e-05,0,6.29425048828125e-05
85266574_1_5749019246018311248.csv,20,10,,False,0.0007290840148925781,0.0006229877471923828,0,0.00010609626770019531
59179576_0_7816560732040832274.csv,20,83,,False,0.002248048782348633,0.0020160675048828125,0,0.0002319812774658203
80255499_92_8843377411837968002.csv,20,2,,False,0.00011110305786132812,6.890296936035156e-05,0,4.220008850097656e-05
