tableId,rowsToAnalyze,tableSize,subjectColumnIdx,identifiedCorrectly,executionTimeFull,executionTimePure,queryTime,disambiguationTime
84298322_1_8543362646571974060.csv,20,7,0,True,0.00011301040649414062,7.414817810058594e-05,0,3.886222839355469e-05
34117882_0_3714273916884462264.csv,20,2,0,True,0.00011086463928222656,8.20159912109375e-05,0,2.8848648071289062e-05
12271141_0_213693783755148562.csv,20,29,0,True,0.0012118816375732422,0.0010039806365966797,0,0.0002079010009765625
99687188_0_1844204354931842929.csv,20,38,0,True,0.0015499591827392578,0.001383066177368164,0,0.00016689300537109375
70565309_0_34520180832378985.csv,20,4,0,True,0.0002918243408203125,0.0002079010009765625,0,8.392333984375e-05
28079336_2_2139598421036200532.csv,20,121,0,True,0.0008440017700195312,0.0006740093231201172,0,0.00016999244689941406
77526612_0_8961590724422161134.csv,20,5,0,True,0.000370025634765625,0.00028705596923828125,0,8.296966552734375e-05
32286995_0_428076949991393276.csv,20,5,0,True,0.0003008842468261719,0.0002460479736328125,0,5.4836273193359375e-05
55961337_0_6548713781034932742.csv,20,44,0,True,0.0015621185302734375,0.001374959945678711,0,0.00018715858459472656
85627640_0_8469871215145474481.csv,20,7,0,True,0.0005650520324707031,0.00046896934509277344,0,9.608268737792969e-05
12187596_5_2670947630490462207.csv,20,15,0,True,0.0005309581756591797,0.00045180320739746094,0,7.915496826171875e-05
27115185_25_6617652978902760028.csv,20,5,0,True,0.00016999244689941406,0.00012493133544921875,0,4.506111145019531e-05
73128332_0_3363347224179898954.csv,20,8,0,True,0.00012493133544921875,8.487701416015625e-05,0,4.00543212890625e-05
74207889_193_42088949085190649.csv,20,5,0,True,0.0001590251922607422,0.00012111663818359375,0,3.790855407714844e-05
82806029_2_7792188988245343457.csv,20,5,0,True,0.00017905235290527344,0.0001289844512939453,0,5.0067901611328125e-05
17627487_0_7482364338839093515.csv,20,3,0,True,0.00014400482177734375,0.00010895729064941406,0,3.504753112792969e-05
63450419_0_8012592961815711786.csv,20,197,0,True,0.00034689903259277344,0.0002808570861816406,0,6.604194641113281e-05
14007582_0_4628453535445348621.csv,20,4,0,True,0.00018310546875,0.00014495849609375,0,3.814697265625e-05
23362259_0_6423595299295342642.csv,20,4,0,True,9.179115295410156e-05,5.698204040527344e-05,0,3.4809112548828125e-05
85266574_1_5749019246018311248.csv,20,10,0,True,0.0004677772521972656,0.0004069805145263672,0,6.079673767089844e-05
59179576_0_7816560732040832274.csv,20,83,0,True,0.0014469623565673828,0.001294851303100586,0,0.00015211105346679688
80255499_92_8843377411837968002.csv,20,2,0,True,6.604194641113281e-05,4.00543212890625e-05,0,2.5987625122070312e-05
