tableId,rowsToAnalyze,tableSize,subjectColumnIdx,identifiedCorrectly,executionTimeFull,executionTimePure,queryTime,disambiguationTime
84298322_1_8543362646571974060.csv,20,7,,False,0.00011110305786132812,7.414817810058594e-05,0,3.695487976074219e-05
34117882_0_3714273916884462264.csv,20,2,,False,8.702278137207031e-05,6.103515625e-05,0,2.5987625122070312e-05
12271141_0_213693783755148562.csv,20,29,,False,0.0011301040649414062,0.0009379386901855469,0,0.00019216537475585938
99687188_0_1844204354931842929.csv,20,38,,False,0.0015499591827392578,0.0013921260833740234,0,0.00015783309936523438
70565309_0_34520180832378985.csv,20,4,0,True,0.00020503997802734375,0.00014400482177734375,0,6.103515625e-05
28079336_2_2139598421036200532.csv,20,121,,False,0.0005321502685546875,0.0004172325134277344,0,0.00011491775512695312
77526612_0_8961590724422161134.csv,20,5,1,False,0.00023484230041503906,0.00017189979553222656,0,6.29425048828125e-05
32286995_0_428076949991393276.csv,20,5,,False,0.00021696090698242188,0.00017714500427246094,0,3.981590270996094e-05
55961337_0_6548713781034932742.csv,20,44,,False,0.001016855239868164,0.0008819103240966797,0,0.00013494491577148438
85627640_0_8469871215145474481.csv,20,7,,False,0.0003330707550048828,0.00027489662170410156,0,5.817413330078125e-05
12187596_5_2670947630490462207.csv,20,15,,False,0.0004680156707763672,0.0003991127014160156,0,6.890296936035156e-05
27115185_25_6617652978902760028.csv,20,5,,False,0.0001628398895263672,0.00012683868408203125,0,3.600120544433594e-05
73128332_0_3363347224179898954.csv,20,8,,False,0.0001201629638671875,8.296966552734375e-05,0,3.719329833984375e-05
74207889_193_42088949085190649.csv,20,5,,False,0.00018310546875,0.00014710426330566406,0,3.600120544433594e-05
82806029_2_7792188988245343457.csv,20,5,,False,0.0001671314239501953,0.00011920928955078125,0,4.792213439941406e-05
17627487_0_7482364338839093515.csv,20,3,,False,0.0001380443572998047,0.00010585784912109375,0,3.218650817871094e-05
63450419_0_8012592961815711786.csv,20,197,,False,0.00033593177795410156,0.00026988983154296875,0,6.604194641113281e-05
14007582_0_4628453535445348621.csv,20,4,,False,0.00021600723266601562,0.00017905235290527344,0,3.695487976074219e-05
23362259_0_6423595299295342642.csv,20,4,,False,9.107589721679688e-05,5.698204040527344e-05,0,3.409385681152344e-05
85266574_1_5749019246018311248.csv,20,10,,False,0.0005249977111816406,0.0004639625549316406,0,6.103515625e-05
59179576_0_7816560732040832274.csv,20,83,,False,0.0019969940185546875,0.0018451213836669922,0,0.0001518726348876953
80255499_92_8843377411837968002.csv,20,2,,False,8.0108642578125e-05,4.506111145019531e-05,0,3.504753112792969e-05
