tableId,rowsToAnalyze,tableSize,subjectColumnIdx,identifiedCorrectly,executionTimeFull,executionTimePure,queryTime,disambiguationTime
84298322_1_8543362646571974060.csv,20,7,0,True,0.00020194053649902344,0.0001430511474609375,0,5.888938903808594e-05
34117882_0_3714273916884462264.csv,20,2,,False,0.0001590251922607422,0.00011801719665527344,0,4.100799560546875e-05
12271141_0_213693783755148562.csv,20,29,0,True,0.0017850399017333984,0.001500844955444336,0,0.0002841949462890625
99687188_0_1844204354931842929.csv,20,38,4,False,0.0024290084838867188,0.0021588802337646484,0,0.0002701282501220703
70565309_0_34520180832378985.csv,20,4,0,True,0.00030493736267089844,0.0002219676971435547,0,8.296966552734375e-05
28079336_2_2139598421036200532.csv,20,121,,False,0.0008330345153808594,0.0006809234619140625,0,0.00015211105346679688
77526612_0_8961590724422161134.csv,20,5,1,False,0.00038695335388183594,0.00028896331787109375,0,9.799003601074219e-05
32286995_0_428076949991393276.csv,20,5,,False,0.00032591819763183594,0.0002608299255371094,0,6.508827209472656e-05
55961337_0_6548713781034932742.csv,20,44,0,True,0.0017459392547607422,0.0015380382537841797,0,0.0002079010009765625
85627640_0_8469871215145474481.csv,20,7,5,False,0.0005750656127929688,0.0004761219024658203,0,9.894371032714844e-05
12187596_5_2670947630490462207.csv,20,15,,False,0.0007569789886474609,0.0006508827209472656,0,0.00010609626770019531
27115185_25_6617652978902760028.csv,20,5,,False,0.00026297569274902344,0.00019788742065429688,0,6.508827209472656e-05
73128332_0_3363347224179898954.csv,20,8,,False,0.00018596649169921875,0.00013208389282226562,0,5.3882598876953125e-05
74207889_193_42088949085190649.csv,20,5,,False,0.00023818016052246094,0.0001862049102783203,0,5.1975250244140625e-05
82806029_2_7792188988245343457.csv,20,5,1,False,0.0002689361572265625,0.00020003318786621094,0,6.890296936035156e-05
17627487_0_7482364338839093515.csv,20,3,,False,0.00021219253540039062,0.0001690387725830078,0,4.315376281738281e-05
63450419_0_8012592961815711786.csv,20,197,,False,0.0005860328674316406,0.0004761219024658203,0,0.00010991096496582031
14007582_0_4628453535445348621.csv,20,4,,False,0.00028896331787109375,0.0002288818359375,0,6.008148193359375e-05
23362259_0_6423595299295342642.csv,20,4,1,False,0.00017404556274414062,0.0001220703125,0,5.1975250244140625e-05
85266574_1_5749019246018311248.csv,20,10,,False,0.0007619857788085938,0.0006690025329589844,0,9.298324584960938e-05
59179576_0_7816560732040832274.csv,20,83,,False,0.00244903564453125,0.00222015380859375,0,0.0002288818359375
80255499_92_8843377411837968002.csv,20,2,,False,0.00011205673217773438,7.009506225585938e-05,0,4.1961669921875e-05
