tableId,rowsToAnalyze,tableSize,subjectColumnIdx,identifiedCorrectly,executionTimeFull,executionTimePure,queryTime,disambiguationTime
84298322_1_8543362646571974060.csv,20,7,,False,0.00011301040649414062,7.486343383789062e-05,0,3.814697265625e-05
34117882_0_3714273916884462264.csv,20,2,,False,8.916854858398438e-05,6.198883056640625e-05,0,2.7179718017578125e-05
12271141_0_213693783755148562.csv,20,29,0,True,0.00121307373046875,0.0010058879852294922,0,0.0002071857452392578
99687188_0_1844204354931842929.csv,20,38,4,False,0.0014400482177734375,0.0012810230255126953,0,0.0001590251922607422
70565309_0_34520180832378985.csv,20,4,0,True,0.00021696090698242188,0.00015592575073242188,0,6.103515625e-05
28079336_2_2139598421036200532.csv,20,121,,False,0.0005090236663818359,0.0003981590270996094,0,0.00011086463928222656
77526612_0_8961590724422161134.csv,20,5,1,False,0.00022602081298828125,0.00016498565673828125,0,6.103515625e-05
32286995_0_428076949991393276.csv,20,5,,False,0.0001881122589111328,0.0001499652862548828,0,3.814697265625e-05
55961337_0_6548713781034932742.csv,20,44,,False,0.001065969467163086,0.0009350776672363281,0,0.0001308917999267578
85627640_0_8469871215145474481.csv,20,7,5,False,0.00039196014404296875,0.0003230571746826172,0,6.890296936035156e-05
12187596_5_2670947630490462207.csv,20,15,,False,0.0005221366882324219,0.0004360675811767578,0,8.606910705566406e-05
27115185_25_6617652978902760028.csv,20,5,,False,0.000164031982421875,0.00012493133544921875,0,3.910064697265625e-05
73128332_0_3363347224179898954.csv,20,8,,False,0.000125885009765625,8.678436279296875e-05,0,3.910064697265625e-05
74207889_193_42088949085190649.csv,20,5,,False,0.0001590251922607422,0.0001201629638671875,0,3.886222839355469e-05
82806029_2_7792188988245343457.csv,20,5,,False,0.0001690387725830078,0.0001201629638671875,0,4.887580871582031e-05
17627487_0_7482364338839093515.csv,20,3,,False,0.00014781951904296875,0.00011491775512695312,0,3.2901763916015625e-05
63450419_0_8012592961815711786.csv,20,197,,False,0.00033783912658691406,0.000270843505859375,0,6.699562072753906e-05
14007582_0_4628453535445348621.csv,20,4,,False,0.0001709461212158203,0.00013303756713867188,0,3.790855407714844e-05
23362259_0_6423595299295342642.csv,20,4,,False,9.083747863769531e-05,5.698204040527344e-05,0,3.3855438232421875e-05
85266574_1_5749019246018311248.csv,20,10,,False,0.0005090236663818359,0.0004482269287109375,0,6.079673767089844e-05
59179576_0_7816560732040832274.csv,20,83,,False,0.001600027084350586,0.001383066177368164,0,0.00021696090698242188
80255499_92_8843377411837968002.csv,20,2,,False,7.295608520507812e-05,4.291534423828125e-05,0,3.0040740966796875e-05
