tableId,rowsToAnalyze,tableSize,subjectColumnIdx,identifiedCorrectly,executionTimeFull,executionTimePure,queryTime,disambiguationTime
84298322_1_8543362646571974060.csv,20,7,0,True,0.0002548694610595703,0.00018787384033203125,0,6.699562072753906e-05
34117882_0_3714273916884462264.csv,20,2,0,True,0.00014901161193847656,0.00010704994201660156,0,4.1961669921875e-05
12271141_0_213693783755148562.csv,20,29,0,True,0.001795053482055664,0.0015079975128173828,0,0.00028705596923828125
99687188_0_1844204354931842929.csv,20,38,0,True,0.0026400089263916016,0.0023729801177978516,0,0.00026702880859375
70565309_0_34520180832378985.csv,20,4,0,True,0.0003399848937988281,0.00023508071899414062,0,0.0001049041748046875
28079336_2_2139598421036200532.csv,20,121,,False,0.0010759830474853516,0.0008559226989746094,0,0.0002200603485107422
77526612_0_8961590724422161134.csv,20,5,0,True,0.00041294097900390625,0.0003018379211425781,0,0.00011110305786132812
32286995_0_428076949991393276.csv,20,5,0,True,0.0004210472106933594,0.0003330707550048828,0,8.797645568847656e-05
55961337_0_6548713781034932742.csv,20,44,0,True,0.0017588138580322266,0.0015368461608886719,0,0.0002219676971435547
85627640_0_8469871215145474481.csv,20,7,0,True,0.0006577968597412109,0.0005469322204589844,0,0.00011086463928222656
12187596_5_2670947630490462207.csv,20,15,0,True,0.0008680820465087891,0.0007469654083251953,0,0.00012111663818359375
27115185_25_6617652978902760028.csv,20,5,0,True,0.0002779960632324219,0.00021600723266601562,0,6.198883056640625e-05
73128332_0_3363347224179898954.csv,20,8,0,True,0.0002238750457763672,0.00016498565673828125,0,5.888938903808594e-05
74207889_193_42088949085190649.csv,20,5,0,True,0.00027298927307128906,0.00021505355834960938,0,5.793571472167969e-05
82806029_2_7792188988245343457.csv,20,5,0,True,0.00028705596923828125,0.00021219253540039062,0,7.486343383789062e-05
17627487_0_7482364338839093515.csv,20,3,0,True,0.0002200603485107422,0.00017189979553222656,0,4.8160552978515625e-05
63450419_0_8012592961815711786.csv,20,197,,False,0.0005888938903808594,0.00048089027404785156,0,0.00010800361633300781
14007582_0_4628453535445348621.csv,20,4,0,True,0.0002601146697998047,0.00020599365234375,0,5.412101745605469e-05
23362259_0_6423595299295342642.csv,20,4,0,True,0.0001430511474609375,9.822845458984375e-05,0,4.482269287109375e-05
85266574_1_5749019246018311248.csv,20,10,0,True,0.0007481575012207031,0.0006639957427978516,0,8.416175842285156e-05
59179576_0_7816560732040832274.csv,20,83,,False,0.002440929412841797,0.002145051956176758,0,0.00029587745666503906
80255499_92_8843377411837968002.csv,20,2,0,True,0.00015878677368164062,0.0001068115234375,0,5.1975250244140625e-05
