tableId,rowsToAnalyze,tableSize,subjectColumnIdx,identifiedCorrectly,executionTimeFull,executionTimePure,queryTime,disambiguationTime
84298322_1_8543362646571974060.csv,20,7,0,True,0.00012111663818359375,7.891654968261719e-05,0,4.220008850097656e-05
34117882_0_3714273916884462264.csv,20,2,0,True,9.703636169433594e-05,6.699562072753906e-05,0,3.0040740966796875e-05
12271141_0_213693783755148562.csv,20,29,0,True,0.0012547969818115234,0.0010428428649902344,0,0.00021195411682128906
99687188_0_1844204354931842929.csv,20,38,0,True,0.0015361309051513672,0.0013580322265625,0,0.0001780986785888672
70565309_0_34520180832378985.csv,20,4,0,True,0.00019502639770507812,0.0001380443572998047,0,5.698204040527344e-05
28079336_2_2139598421036200532.csv,20,121,0,True,0.0004978179931640625,0.00039005279541015625,0,0.00010776519775390625
77526612_0_8961590724422161134.csv,20,5,0,True,0.0002219676971435547,0.00016188621520996094,0,6.008148193359375e-05
32286995_0_428076949991393276.csv,20,5,0,True,0.0001850128173828125,0.0001480579376220703,0,3.695487976074219e-05
55961337_0_6548713781034932742.csv,20,44,0,True,0.0009751319885253906,0.0008511543273925781,0,0.0001239776611328125
85627640_0_8469871215145474481.csv,20,7,0,True,0.00035309791564941406,0.0002961158752441406,0,5.698204040527344e-05
12187596_5_2670947630490462207.csv,20,15,0,True,0.00046896934509277344,0.0004000663757324219,0,6.890296936035156e-05
27115185_25_6617652978902760028.csv,20,5,0,True,0.00014710426330566406,0.00011205673217773438,0,3.504753112792969e-05
73128332_0_3363347224179898954.csv,20,8,0,True,0.00011205673217773438,7.796287536621094e-05,0,3.409385681152344e-05
74207889_193_42088949085190649.csv,20,5,0,True,0.00014519691467285156,0.00011229515075683594,0,3.2901763916015625e-05
82806029_2_7792188988245343457.csv,20,5,0,True,0.00015497207641601562,0.00010991096496582031,0,4.506111145019531e-05
17627487_0_7482364338839093515.csv,20,3,0,True,0.0001289844512939453,9.894371032714844e-05,0,3.0040740966796875e-05
63450419_0_8012592961815711786.csv,20,197,0,True,0.0003418922424316406,0.00027179718017578125,0,7.009506225585938e-05
14007582_0_4628453535445348621.csv,20,4,0,True,0.00016880035400390625,0.00013184547424316406,0,3.695487976074219e-05
23362259_0_6423595299295342642.csv,20,4,0,True,8.893013000488281e-05,5.698204040527344e-05,0,3.1948089599609375e-05
85266574_1_5749019246018311248.csv,20,10,0,True,0.0004730224609375,0.00041294097900390625,0,6.008148193359375e-05
59179576_0_7816560732040832274.csv,20,83,0,True,0.0014998912811279297,0.0013489723205566406,0,0.00015091896057128906
80255499_92_8843377411837968002.csv,20,2,0,True,7.295608520507812e-05,4.291534423828125e-05,0,3.0040740966796875e-05
