tableId,rowsToAnalyze,tableSize,subjectColumnIdx,identifiedCorrectly,executionTimeFull,executionTimePure,queryTime,disambiguationTime
84298322_1_8543362646571974060.csv,20,7,,False,0.0001430511474609375,0.00010204315185546875,0,4.100799560546875e-05
34117882_0_3714273916884462264.csv,20,2,,False,9.512901306152344e-05,6.699562072753906e-05,0,2.8133392333984375e-05
12271141_0_213693783755148562.csv,20,29,,False,0.001207113265991211,0.0009970664978027344,0,0.00021004676818847656
99687188_0_1844204354931842929.csv,20,38,,False,0.001461029052734375,0.001302957534790039,0,0.00015807151794433594
70565309_0_34520180832378985.csv,20,4,,False,0.0001900196075439453,0.0001327991485595703,0,5.7220458984375e-05
28079336_2_2139598421036200532.csv,20,121,,False,0.0005428791046142578,0.0004210472106933594,0,0.00012183189392089844
77526612_0_8961590724422161134.csv,20,5,1,False,0.00023603439331054688,0.00017213821411132812,0,6.389617919921875e-05
32286995_0_428076949991393276.csv,20,5,,False,0.00018596649169921875,0.00014901161193847656,0,3.695487976074219e-05
55961337_0_6548713781034932742.csv,20,44,,False,0.0009758472442626953,0.0008509159088134766,0,0.00012493133544921875
85627640_0_8469871215145474481.csv,20,7,5,False,0.0003390312194824219,0.0002810955047607422,0,5.793571472167969e-05
12187596_5_2670947630490462207.csv,20,15,,False,0.0004711151123046875,0.0004019737243652344,0,6.914138793945312e-05
27115185_25_6617652978902760028.csv,20,5,,False,0.00014710426330566406,0.00011205673217773438,0,3.504753112792969e-05
73128332_0_3363347224179898954.csv,20,8,,False,0.00011301040649414062,7.891654968261719e-05,0,3.409385681152344e-05
74207889_193_42088949085190649.csv,20,5,,False,0.00014519691467285156,0.00011134147644042969,0,3.3855438232421875e-05
82806029_2_7792188988245343457.csv,20,5,1,False,0.00016307830810546875,0.00011801719665527344,0,4.506111145019531e-05
17627487_0_7482364338839093515.csv,20,3,,False,0.0001678466796875,0.00011587142944335938,0,5.1975250244140625e-05
63450419_0_8012592961815711786.csv,20,197,,False,0.000347137451171875,0.0002779960632324219,0,6.914138793945312e-05
14007582_0_4628453535445348621.csv,20,4,,False,0.00016999244689941406,0.00013184547424316406,0,3.814697265625e-05
23362259_0_6423595299295342642.csv,20,4,1,False,9.989738464355469e-05,6.699562072753906e-05,0,3.2901763916015625e-05
85266574_1_5749019246018311248.csv,20,10,,False,0.0004680156707763672,0.0004069805145263672,0,6.103515625e-05
59179576_0_7816560732040832274.csv,20,83,,False,0.0015680789947509766,0.001405954360961914,0,0.0001621246337890625
80255499_92_8843377411837968002.csv,20,2,,False,8.606910705566406e-05,5.0067901611328125e-05,0,3.600120544433594e-05
