tableId,rowsToAnalyze,tableSize,subjectColumnIdx,identifiedCorrectly,executionTimeFull,executionTimePure,queryTime,disambiguationTime
84298322_1_8543362646571974060.csv,20,7,,False,0.0001919269561767578,0.000125885009765625,0,6.604194641113281e-05
34117882_0_3714273916884462264.csv,20,2,,False,0.00014495849609375,0.00010395050048828125,0,4.100799560546875e-05
12271141_0_213693783755148562.csv,20,29,,False,0.0016181468963623047,0.0013501644134521484,0,0.00026798248291015625
99687188_0_1844204354931842929.csv,20,38,,False,0.002346038818359375,0.002109050750732422,0,0.00023698806762695312
70565309_0_34520180832378985.csv,20,4,0,True,0.00030303001403808594,0.0002200603485107422,0,8.296966552734375e-05
28079336_2_2139598421036200532.csv,20,121,,False,0.0010809898376464844,0.0009210109710693359,0,0.00015997886657714844
77526612_0_8961590724422161134.csv,20,5,1,False,0.00036907196044921875,0.0002751350402832031,0,9.393692016601562e-05
32286995_0_428076949991393276.csv,20,5,,False,0.0003108978271484375,0.000247955322265625,0,6.29425048828125e-05
55961337_0_6548713781034932742.csv,20,44,,False,0.0016050338745117188,0.0014109611511230469,0,0.00019407272338867188
85627640_0_8469871215145474481.csv,20,7,,False,0.0005340576171875,0.00044608116149902344,0,8.797645568847656e-05
12187596_5_2670947630490462207.csv,20,15,,False,0.000762939453125,0.0006520748138427734,0,0.00011086463928222656
27115185_25_6617652978902760028.csv,20,5,,False,0.0002448558807373047,0.00018787384033203125,0,5.698204040527344e-05
73128332_0_3363347224179898954.csv,20,8,,False,0.0001919269561767578,0.00013685226440429688,0,5.507469177246094e-05
74207889_193_42088949085190649.csv,20,5,,False,0.00024199485778808594,0.0001881122589111328,0,5.3882598876953125e-05
82806029_2_7792188988245343457.csv,20,5,,False,0.0002579689025878906,0.00018787384033203125,0,7.009506225585938e-05
17627487_0_7482364338839093515.csv,20,3,,False,0.00022292137145996094,0.00017404556274414062,0,4.887580871582031e-05
63450419_0_8012592961815711786.csv,20,197,,False,0.0005049705505371094,0.0004088878631591797,0,9.608268737792969e-05
14007582_0_4628453535445348621.csv,20,4,,False,0.0002608299255371094,0.00020694732666015625,0,5.3882598876953125e-05
23362259_0_6423595299295342642.csv,20,4,,False,0.00015497207641601562,9.989738464355469e-05,0,5.507469177246094e-05
85266574_1_5749019246018311248.csv,20,10,,False,0.0006971359252929688,0.0006101131439208984,0,8.702278137207031e-05
59179576_0_7816560732040832274.csv,20,83,,False,0.0023169517517089844,0.0020949840545654297,0,0.0002219676971435547
80255499_92_8843377411837968002.csv,20,2,,False,0.00011396408081054688,7.104873657226562e-05,0,4.291534423828125e-05
