tableId,rowsToAnalyze,tableSize,subjectColumnIdx,identifiedCorrectly,executionTimeFull,executionTimePure,queryTime,disambiguationTime
84298322_1_8543362646571974060.csv,20,7,,False,0.00011897087097167969,7.891654968261719e-05,0,4.00543212890625e-05
34117882_0_3714273916884462264.csv,20,2,,False,9.298324584960938e-05,6.508827209472656e-05,0,2.7894973754882812e-05
12271141_0_213693783755148562.csv,20,29,,False,0.0012400150299072266,0.001032114028930664,0,0.0002079010009765625
99687188_0_1844204354931842929.csv,20,38,,False,0.0015921592712402344,0.0014162063598632812,0,0.00017595291137695312
70565309_0_34520180832378985.csv,20,4,,False,0.00022602081298828125,0.0001571178436279297,0,6.890296936035156e-05
28079336_2_2139598421036200532.csv,20,121,,False,0.000553131103515625,0.00043201446533203125,0,0.00012111663818359375
77526612_0_8961590724422161134.csv,20,5,1,False,0.00025010108947753906,0.0001780986785888672,0,7.200241088867188e-05
32286995_0_428076949991393276.csv,20,5,,False,0.000202178955078125,0.00016117095947265625,0,4.100799560546875e-05
55961337_0_6548713781034932742.csv,20,44,,False,0.001046895980834961,0.0009069442749023438,0,0.0001399517059326172
85627640_0_8469871215145474481.csv,20,7,,False,0.0003559589385986328,0.0002930164337158203,0,6.29425048828125e-05
12187596_5_2670947630490462207.csv,20,15,,False,0.0005009174346923828,0.0004267692565917969,0,7.414817810058594e-05
27115185_25_6617652978902760028.csv,20,5,,False,0.00015592575073242188,0.00011897087097167969,0,3.695487976074219e-05
73128332_0_3363347224179898954.csv,20,8,,False,0.00011992454528808594,8.392333984375e-05,0,3.600120544433594e-05
74207889_193_42088949085190649.csv,20,5,,False,0.00015497207641601562,0.00011897087097167969,0,3.600120544433594e-05
82806029_2_7792188988245343457.csv,20,5,,False,0.0001659393310546875,0.00011801719665527344,0,4.792213439941406e-05
17627487_0_7482364338839093515.csv,20,3,,False,0.00013017654418945312,0.00010013580322265625,0,3.0040740966796875e-05
63450419_0_8012592961815711786.csv,20,197,,False,0.0003159046173095703,0.0002548694610595703,0,6.103515625e-05
14007582_0_4628453535445348621.csv,20,4,,False,0.00017905235290527344,0.00014495849609375,0,3.409385681152344e-05
23362259_0_6423595299295342642.csv,20,4,,False,8.416175842285156e-05,5.412101745605469e-05,0,3.0040740966796875e-05
85266574_1_5749019246018311248.csv,20,10,,False,0.00043702125549316406,0.0003800392150878906,0,5.698204040527344e-05
59179576_0_7816560732040832274.csv,20,83,,False,0.0014989376068115234,0.0013577938079833984,0,0.000141143798828125
80255499_92_8843377411837968002.csv,20,2,,False,7.009506225585938e-05,4.100799560546875e-05,0,2.9087066650390625e-05
