tableId,rowsToAnalyze,tableSize,subjectColumnIdx,identifiedCorrectly,executionTimeFull,executionTimePure,queryTime,disambiguationTime
84298322_1_8543362646571974060.csv,20,7,,False,0.00011897087097167969,7.891654968261719e-05,0,4.00543212890625e-05
34117882_0_3714273916884462264.csv,20,2,,False,9.298324584960938e-05,6.508827209472656e-05,0,2.7894973754882812e-05
12271141_0_213693783755148562.csv,20,29,,False,0.001219034194946289,0.001010894775390625,0,0.00020813941955566406
99687188_0_1844204354931842929.csv,20,38,,False,0.0020520687103271484,0.0017979145050048828,0,0.0002541542053222656
70565309_0_34520180832378985.csv,20,4,0,True,0.00021791458129882812,0.0001499652862548828,0,6.794929504394531e-05
28079336_2_2139598421036200532.csv,20,121,,False,0.0005390644073486328,0.0004210472106933594,0,0.00011801719665527344
77526612_0_8961590724422161134.csv,20,5,1,False,0.00023698806762695312,0.00017213821411132812,0,6.4849853515625e-05
32286995_0_428076949991393276.csv,20,5,,False,0.00020313262939453125,0.0001621246337890625,0,4.100799560546875e-05
55961337_0_6548713781034932742.csv,20,44,,False,0.0009639263153076172,0.0008370876312255859,0,0.00012683868408203125
85627640_0_8469871215145474481.csv,20,7,,False,0.0003561973571777344,0.0002961158752441406,0,6.008148193359375e-05
12187596_5_2670947630490462207.csv,20,15,,False,0.0005161762237548828,0.00044608116149902344,0,7.009506225585938e-05
27115185_25_6617652978902760028.csv,20,5,,False,0.00015807151794433594,0.00011897087097167969,0,3.910064697265625e-05
73128332_0_3363347224179898954.csv,20,8,,False,0.00012111663818359375,8.392333984375e-05,0,3.719329833984375e-05
74207889_193_42088949085190649.csv,20,5,,False,0.0001609325408935547,0.00012493133544921875,0,3.600120544433594e-05
82806029_2_7792188988245343457.csv,20,5,,False,0.00015592575073242188,0.00011181831359863281,0,4.410743713378906e-05
17627487_0_7482364338839093515.csv,20,3,,False,0.00012993812561035156,9.989738464355469e-05,0,3.0040740966796875e-05
63450419_0_8012592961815711786.csv,20,197,,False,0.0003139972686767578,0.0002532005310058594,0,6.079673767089844e-05
14007582_0_4628453535445348621.csv,20,4,,False,0.0001621246337890625,0.00012612342834472656,0,3.600120544433594e-05
23362259_0_6423595299295342642.csv,20,4,,False,8.797645568847656e-05,5.507469177246094e-05,0,3.2901763916015625e-05
85266574_1_5749019246018311248.csv,20,10,,False,0.0004858970642089844,0.0004279613494873047,0,5.793571472167969e-05
59179576_0_7816560732040832274.csv,20,83,,False,0.0015048980712890625,0.0013589859008789062,0,0.00014591217041015625
80255499_92_8843377411837968002.csv,20,2,,False,7.200241088867188e-05,4.291534423828125e-05,0,2.9087066650390625e-05
