tableId,rowsToAnalyze,tableSize,subjectColumnIdx,identifiedCorrectly,executionTimeFull,executionTimePure,queryTime,disambiguationTime
84298322_1_8543362646571974060.csv,20,7,,False,0.00015783309936523438,8.988380432128906e-05,0,6.794929504394531e-05
34117882_0_3714273916884462264.csv,20,2,,False,9.799003601074219e-05,6.699562072753906e-05,0,3.0994415283203125e-05
12271141_0_213693783755148562.csv,20,29,,False,0.0013508796691894531,0.0011379718780517578,0,0.0002129077911376953
99687188_0_1844204354931842929.csv,20,38,,False,0.0015749931335449219,0.001397848129272461,0,0.00017714500427246094
70565309_0_34520180832378985.csv,20,4,,False,0.00020503997802734375,0.00014281272888183594,0,6.222724914550781e-05
28079336_2_2139598421036200532.csv,20,121,,False,0.0005271434783935547,0.00041294097900390625,0,0.00011420249938964844
77526612_0_8961590724422161134.csv,20,5,1,False,0.00023603439331054688,0.0001709461212158203,0,6.508827209472656e-05
32286995_0_428076949991393276.csv,20,5,,False,0.0001990795135498047,0.00015807151794433594,0,4.100799560546875e-05
55961337_0_6548713781034932742.csv,20,44,,False,0.001007080078125,0.0008730888366699219,0,0.00013399124145507812
85627640_0_8469871215145474481.csv,20,7,5,False,0.0003829002380371094,0.0003249645233154297,0,5.793571472167969e-05
12187596_5_2670947630490462207.csv,20,15,,False,0.0005240440368652344,0.00044083595275878906,0,8.320808410644531e-05
27115185_25_6617652978902760028.csv,20,5,,False,0.00014781951904296875,0.00011277198791503906,0,3.504753112792969e-05
73128332_0_3363347224179898954.csv,20,8,,False,0.00011301040649414062,7.915496826171875e-05,0,3.3855438232421875e-05
74207889_193_42088949085190649.csv,20,5,,False,0.00015091896057128906,0.00011491775512695312,0,3.600120544433594e-05
82806029_2_7792188988245343457.csv,20,5,2,False,0.00016808509826660156,0.00012111663818359375,0,4.696846008300781e-05
17627487_0_7482364338839093515.csv,20,3,,False,0.00013113021850585938,0.00010013580322265625,0,3.0994415283203125e-05
63450419_0_8012592961815711786.csv,20,197,,False,0.0005021095275878906,0.0004010200500488281,0,0.0001010894775390625
14007582_0_4628453535445348621.csv,20,4,,False,0.0001819133758544922,0.00013899803161621094,0,4.291534423828125e-05
23362259_0_6423595299295342642.csv,20,4,,False,9.417533874511719e-05,5.91278076171875e-05,0,3.504753112792969e-05
85266574_1_5749019246018311248.csv,20,10,,False,0.0004961490631103516,0.0004353523254394531,0,6.079673767089844e-05
59179576_0_7816560732040832274.csv,20,83,,False,0.0016050338745117188,0.0014450550079345703,0,0.00015997886657714844
80255499_92_8843377411837968002.csv,20,2,,False,7.510185241699219e-05,4.506111145019531e-05,0,3.0040740966796875e-05
