tableId,rowsToAnalyze,tableSize,subjectColumnIdx,identifiedCorrectly,executionTimeFull,executionTimePure,queryTime,disambiguationTime
84298322_1_8543362646571974060.csv,20,7,,False,0.0001220703125,7.82012939453125e-05,0,4.38690185546875e-05
34117882_0_3714273916884462264.csv,20,2,,False,8.821487426757812e-05,6.198883056640625e-05,0,2.6226043701171875e-05
12271141_0_213693783755148562.csv,20,29,,False,0.001171112060546875,0.0009410381317138672,0,0.0002300739288330078
99687188_0_1844204354931842929.csv,20,38,,False,0.0015060901641845703,0.001332998275756836,0,0.00017309188842773438
70565309_0_34520180832378985.csv,20,4,0,True,0.0002281665802001953,0.0001690387725830078,0,5.91278076171875e-05
28079336_2_2139598421036200532.csv,20,121,,False,0.0005290508270263672,0.0004150867462158203,0,0.00011396408081054688
77526612_0_8961590724422161134.csv,20,5,1,False,0.00023603439331054688,0.0001709461212158203,0,6.508827209472656e-05
32286995_0_428076949991393276.csv,20,5,,False,0.00019788742065429688,0.00015687942504882812,0,4.100799560546875e-05
55961337_0_6548713781034932742.csv,20,44,,False,0.0010421276092529297,0.0009069442749023438,0,0.00013518333435058594
85627640_0_8469871215145474481.csv,20,7,,False,0.00033211708068847656,0.0002739429473876953,0,5.817413330078125e-05
12187596_5_2670947630490462207.csv,20,15,,False,0.0004699230194091797,0.0004017353057861328,0,6.818771362304688e-05
27115185_25_6617652978902760028.csv,20,5,,False,0.0001480579376220703,0.00011301040649414062,0,3.504753112792969e-05
73128332_0_3363347224179898954.csv,20,8,,False,0.00011301040649414062,7.891654968261719e-05,0,3.409385681152344e-05
74207889_193_42088949085190649.csv,20,5,,False,0.00015687942504882812,0.00011992454528808594,0,3.695487976074219e-05
82806029_2_7792188988245343457.csv,20,5,,False,0.00016689300537109375,0.00011801719665527344,0,4.887580871582031e-05
17627487_0_7482364338839093515.csv,20,3,,False,0.0001380443572998047,0.00010609626770019531,0,3.1948089599609375e-05
63450419_0_8012592961815711786.csv,20,197,,False,0.0003380775451660156,0.00027298927307128906,0,6.508827209472656e-05
14007582_0_4628453535445348621.csv,20,4,,False,0.00016808509826660156,0.00013113021850585938,0,3.695487976074219e-05
23362259_0_6423595299295342642.csv,20,4,,False,8.893013000488281e-05,5.5789947509765625e-05,0,3.314018249511719e-05
85266574_1_5749019246018311248.csv,20,10,,False,0.000476837158203125,0.00041103363037109375,0,6.580352783203125e-05
59179576_0_7816560732040832274.csv,20,83,,False,0.0021059513092041016,0.0019028186798095703,0,0.00020313262939453125
80255499_92_8843377411837968002.csv,20,2,,False,8.797645568847656e-05,4.696846008300781e-05,0,4.100799560546875e-05
