tableId,rowsToAnalyze,tableSize,subjectColumnIdx,identifiedCorrectly,executionTimeFull,executionTimePure,queryTime,disambiguationTime
84298322_1_8543362646571974060.csv,20,7,0,True,0.0001480579376220703,0.00010323524475097656,0,4.482269287109375e-05
34117882_0_3714273916884462264.csv,20,2,,False,0.00010395050048828125,7.200241088867188e-05,0,3.1948089599609375e-05
12271141_0_213693783755148562.csv,20,29,0,True,0.0012691020965576172,0.0010230541229248047,0,0.0002460479736328125
99687188_0_1844204354931842929.csv,20,38,4,False,0.0015070438385009766,0.0013380050659179688,0,0.0001690387725830078
70565309_0_34520180832378985.csv,20,4,0,True,0.00019097328186035156,0.00013494491577148438,0,5.602836608886719e-05
28079336_2_2139598421036200532.csv,20,121,,False,0.0005049705505371094,0.0003960132598876953,0,0.00010895729064941406
77526612_0_8961590724422161134.csv,20,5,1,False,0.000244140625,0.00016307830810546875,0,8.106231689453125e-05
32286995_0_428076949991393276.csv,20,5,,False,0.00018787384033203125,0.0001480579376220703,0,3.981590270996094e-05
55961337_0_6548713781034932742.csv,20,44,,False,0.0009751319885253906,0.0008492469787597656,0,0.000125885009765625
85627640_0_8469871215145474481.csv,20,7,5,False,0.0003578662872314453,0.0002999305725097656,0,5.793571472167969e-05
12187596_5_2670947630490462207.csv,20,15,,False,0.0005049705505371094,0.000431060791015625,0,7.390975952148438e-05
27115185_25_6617652978902760028.csv,20,5,,False,0.00015211105346679688,0.00011396408081054688,0,3.814697265625e-05
73128332_0_3363347224179898954.csv,20,8,,False,0.0001430511474609375,0.00010800361633300781,0,3.504753112792969e-05
74207889_193_42088949085190649.csv,20,5,,False,0.00015997886657714844,0.00011181831359863281,0,4.8160552978515625e-05
82806029_2_7792188988245343457.csv,20,5,1,False,0.00016999244689941406,0.0001239776611328125,0,4.601478576660156e-05
17627487_0_7482364338839093515.csv,20,3,,False,0.00013303756713867188,0.00010204315185546875,0,3.0994415283203125e-05
63450419_0_8012592961815711786.csv,20,197,,False,0.0003349781036376953,0.0002720355987548828,0,6.29425048828125e-05
14007582_0_4628453535445348621.csv,20,4,,False,0.00019121170043945312,0.0001392364501953125,0,5.1975250244140625e-05
23362259_0_6423595299295342642.csv,20,4,1,False,9.822845458984375e-05,6.508827209472656e-05,0,3.314018249511719e-05
85266574_1_5749019246018311248.csv,20,10,,False,0.00047206878662109375,0.00041103363037109375,0,6.103515625e-05
59179576_0_7816560732040832274.csv,20,83,,False,0.0014801025390625,0.0013260841369628906,0,0.00015401840209960938
80255499_92_8843377411837968002.csv,20,2,,False,6.604194641113281e-05,4.00543212890625e-05,0,2.5987625122070312e-05
