tableId,rowsToAnalyze,tableSize,subjectColumnIdx,identifiedCorrectly,executionTimeFull,executionTimePure,queryTime,disambiguationTime
84298322_1_8543362646571974060.csv,20,7,0,True,0.00023102760314941406,0.0001609325408935547,0,7.009506225585938e-05
34117882_0_3714273916884462264.csv,20,2,0,True,0.00017380714416503906,0.0001239776611328125,0,4.982948303222656e-05
12271141_0_213693783755148562.csv,20,29,,False,0.0017900466918945312,0.001486063003540039,0,0.0003039836883544922
99687188_0_1844204354931842929.csv,20,38,,False,0.002451181411743164,0.0021991729736328125,0,0.00025200843811035156
70565309_0_34520180832378985.csv,20,4,,False,0.00028014183044433594,0.00020503997802734375,0,7.510185241699219e-05
28079336_2_2139598421036200532.csv,20,121,,False,0.0007870197296142578,0.000637054443359375,0,0.0001499652862548828
77526612_0_8961590724422161134.csv,20,5,0,True,0.00034689903259277344,0.0002608299255371094,0,8.606910705566406e-05
32286995_0_428076949991393276.csv,20,5,0,True,0.0002830028533935547,0.0002288818359375,0,5.412101745605469e-05
55961337_0_6548713781034932742.csv,20,44,,False,0.001753091812133789,0.0015690326690673828,0,0.00018405914306640625
85627640_0_8469871215145474481.csv,20,7,0,True,0.00048804283142089844,0.0004000663757324219,0,8.797645568847656e-05
12187596_5_2670947630490462207.csv,20,15,0,True,0.0009310245513916016,0.0008080005645751953,0,0.00012302398681640625
27115185_25_6617652978902760028.csv,20,5,0,True,0.0003600120544433594,0.00024700164794921875,0,0.00011301040649414062
73128332_0_3363347224179898954.csv,20,8,0,True,0.00025582313537597656,0.00017881393432617188,0,7.700920104980469e-05
74207889_193_42088949085190649.csv,20,5,0,True,0.0003070831298828125,0.00023818016052246094,0,6.890296936035156e-05
82806029_2_7792188988245343457.csv,20,5,0,True,0.00032210350036621094,0.00023317337036132812,0,8.893013000488281e-05
17627487_0_7482364338839093515.csv,20,3,0,True,0.00025916099548339844,0.00020432472229003906,0,5.4836273193359375e-05
63450419_0_8012592961815711786.csv,20,197,,False,0.000637054443359375,0.0005328655242919922,0,0.00010418891906738281
14007582_0_4628453535445348621.csv,20,4,0,True,0.0003490447998046875,0.00029206275939941406,0,5.698204040527344e-05
23362259_0_6423595299295342642.csv,20,4,0,True,0.00019502639770507812,0.00014209747314453125,0,5.2928924560546875e-05
85266574_1_5749019246018311248.csv,20,10,0,True,0.0008149147033691406,0.000720977783203125,0,9.393692016601562e-05
59179576_0_7816560732040832274.csv,20,83,,False,0.002435922622680664,0.002206087112426758,0,0.00022983551025390625
80255499_92_8843377411837968002.csv,20,2,0,True,0.00011420249938964844,7.510185241699219e-05,0,3.910064697265625e-05
