tableId,rowsToAnalyze,tableSize,subjectColumnIdx,identifiedCorrectly,executionTimeFull,executionTimePure,queryTime,disambiguationTime
84298322_1_8543362646571974060.csv,20,7,,False,0.00012493133544921875,8.082389831542969e-05,0,4.410743713378906e-05
34117882_0_3714273916884462264.csv,20,2,,False,9.894371032714844e-05,6.699562072753906e-05,0,3.1948089599609375e-05
12271141_0_213693783755148562.csv,20,29,1,False,0.0012509822845458984,0.001024007797241211,0,0.0002269744873046875
99687188_0_1844204354931842929.csv,20,38,,False,0.0015130043029785156,0.0013430118560791016,0,0.00016999244689941406
70565309_0_34520180832378985.csv,20,4,0,True,0.00020503997802734375,0.00014400482177734375,0,6.103515625e-05
28079336_2_2139598421036200532.csv,20,121,,False,0.0005290508270263672,0.00041413307189941406,0,0.00011491775512695312
77526612_0_8961590724422161134.csv,20,5,1,False,0.0002372264862060547,0.00017213821411132812,0,6.508827209472656e-05
32286995_0_428076949991393276.csv,20,5,,False,0.00019788742065429688,0.00015687942504882812,0,4.100799560546875e-05
55961337_0_6548713781034932742.csv,20,44,,False,0.0009860992431640625,0.0008521080017089844,0,0.00013399124145507812
85627640_0_8469871215145474481.csv,20,7,,False,0.0003380775451660156,0.0002791881561279297,0,5.888938903808594e-05
12187596_5_2670947630490462207.csv,20,15,,False,0.00047898292541503906,0.0004069805145263672,0,7.200241088867188e-05
27115185_25_6617652978902760028.csv,20,5,,False,0.00016021728515625,0.00012111663818359375,0,3.910064697265625e-05
73128332_0_3363347224179898954.csv,20,8,,False,0.0001227855682373047,8.58306884765625e-05,0,3.695487976074219e-05
74207889_193_42088949085190649.csv,20,5,,False,0.0001590251922607422,0.00012111663818359375,0,3.790855407714844e-05
82806029_2_7792188988245343457.csv,20,5,,False,0.00015807151794433594,0.00011205673217773438,0,4.601478576660156e-05
17627487_0_7482364338839093515.csv,20,3,,False,0.00013399124145507812,0.00010204315185546875,0,3.1948089599609375e-05
63450419_0_8012592961815711786.csv,20,197,,False,0.0003228187561035156,0.0002608299255371094,0,6.198883056640625e-05
14007582_0_4628453535445348621.csv,20,4,,False,0.00015997886657714844,0.0001239776611328125,0,3.600120544433594e-05
23362259_0_6423595299295342642.csv,20,4,,False,8.797645568847656e-05,5.4836273193359375e-05,0,3.314018249511719e-05
85266574_1_5749019246018311248.csv,20,10,,False,0.0005180835723876953,0.0004470348358154297,0,7.104873657226562e-05
59179576_0_7816560732040832274.csv,20,83,,False,0.0015270709991455078,0.0013608932495117188,0,0.00016617774963378906
80255499_92_8843377411837968002.csv,20,2,,False,6.914138793945312e-05,4.100799560546875e-05,0,2.8133392333984375e-05
