tableId,rowsToAnalyze,tableSize,subjectColumnIdx,identifiedCorrectly,executionTimeFull,executionTimePure,queryTime,disambiguationTime
84298322_1_8543362646571974060.csv,20,7,,False,0.0001819133758544922,0.0001308917999267578,0,5.1021575927734375e-05
34117882_0_3714273916884462264.csv,20,2,,False,8.916854858398438e-05,6.103515625e-05,0,2.8133392333984375e-05
12271141_0_213693783755148562.csv,20,29,,False,0.0011339187622070312,0.0009388923645019531,0,0.00019502639770507812
99687188_0_1844204354931842929.csv,20,38,,False,0.0014319419860839844,0.0012748241424560547,0,0.0001571178436279297
70565309_0_34520180832378985.csv,20,4,,False,0.00018906593322753906,0.00013303756713867188,0,5.602836608886719e-05
28079336_2_2139598421036200532.csv,20,121,,False,0.0005331039428710938,0.00042700767517089844,0,0.00010609626770019531
77526612_0_8961590724422161134.csv,20,5,1,False,0.00021886825561523438,0.00015878677368164062,0,6.008148193359375e-05
32286995_0_428076949991393276.csv,20,5,,False,0.0001850128173828125,0.00014781951904296875,0,3.719329833984375e-05
55961337_0_6548713781034932742.csv,20,44,,False,0.0012879371643066406,0.0010449886322021484,0,0.0002429485321044922
85627640_0_8469871215145474481.csv,20,7,5,False,0.00043582916259765625,0.0003578662872314453,0,7.796287536621094e-05
12187596_5_2670947630490462207.csv,20,15,,False,0.000514984130859375,0.0004329681396484375,0,8.20159912109375e-05
27115185_25_6617652978902760028.csv,20,5,,False,0.00015997886657714844,0.0001220703125,0,3.790855407714844e-05
73128332_0_3363347224179898954.csv,20,8,,False,0.00012087821960449219,8.392333984375e-05,0,3.695487976074219e-05
74207889_193_42088949085190649.csv,20,5,,False,0.0001571178436279297,0.00011992454528808594,0,3.719329833984375e-05
82806029_2_7792188988245343457.csv,20,5,1,False,0.00017595291137695312,0.00012803077697753906,0,4.792213439941406e-05
17627487_0_7482364338839093515.csv,20,3,,False,0.0001399517059326172,0.00010609626770019531,0,3.3855438232421875e-05
63450419_0_8012592961815711786.csv,20,197,,False,0.0003390312194824219,0.00027298927307128906,0,6.604194641113281e-05
14007582_0_4628453535445348621.csv,20,4,,False,0.0001690387725830078,0.00013208389282226562,0,3.695487976074219e-05
23362259_0_6423595299295342642.csv,20,4,1,False,9.703636169433594e-05,6.508827209472656e-05,0,3.1948089599609375e-05
85266574_1_5749019246018311248.csv,20,10,,False,0.0004661083221435547,0.0004050731658935547,0,6.103515625e-05
59179576_0_7816560732040832274.csv,20,83,,False,0.0014510154724121094,0.0012989044189453125,0,0.00015211105346679688
80255499_92_8843377411837968002.csv,20,2,,False,6.699562072753906e-05,4.00543212890625e-05,0,2.6941299438476562e-05
